100 5.757e-05
200 0.00017697
300 0.00026923
400 0.0004001
500 0.00039122
600 0.00056663
700 0.00046718
800 0.00049545
900 0.0006253
1000 0.00064813
1100 0.00068097
1200 0.00076637
1300 0.00084072
1400 0.00087815
1500 0.00116971
1600 0.00080276
1700 0.00113225
1800 0.00107371
1900 0.00107329
2000 0.00098481
2000 0.00145896
4000 0.00236417
6000 0.00387143
8000 0.00557259
10000 0.0079613
12000 0.0104813
14000 0.0112864
16000 0.0121388
18000 0.0136465
20000 0.0161283
22000 0.0164675
24000 0.0181824
26000 0.0198091
28000 0.022014
30000 0.0228087
32000 0.0238895
34000 0.0260196
36000 0.027994
38000 0.0301489
40000 0.032027
