100 0.00020009
200 0.00043407
300 0.00048074
400 0.00066597
500 0.00113931
600 0.00128551
700 0.00180647
800 0.00227795
900 0.00231866
1000 0.00245439
1100 0.00261937
1200 0.00342772
1300 0.00371117
1400 0.00420855
1500 0.00516385
1600 0.00511489
1700 0.00558227
1800 0.00552822
1900 0.00675797
2000 0.00690796
3000 0.0106403
4000 0.0130569
5000 0.0165895
6000 0.019824
7000 0.022804
8000 0.0256618
9000 0.0268266
10000 0.0299618
11000 0.0315285
12000 0.033625
13000 0.0370074
14000 0.0395076
15000 0.0428158
16000 0.046287
17000 0.0478962
18000 0.0517707
19000 0.0565527
20000 0.0591113

22000 0.0661627
24000 0.0892475
26000 0.0840089
28000 0.0898444
30000 0.100137
32000 0.107647
34000 0.117175
36000 0.127939
38000 0.132918
40000 0.14191
