50 0.0533834 0.307593 -0.25421
100 0.0526907 0.306406 -0.253716
150 0.0522455 0.305648 -0.253403
200 0.0520471 0.30532 -0.253273
250 0.0520954 0.305421 -0.253325
300 0.0523913 0.305953 -0.253562
350 0.0529376 0.306921 -0.253983
400 0.0537383 0.308331 -0.254592
450 0.0547989 0.310189 -0.25539
500 0.056124 0.312503 -0.256379
550 0.0577156 0.315271 -0.257556
600 0.059569 0.318484 -0.258915
650 0.0616665 0.322109 -0.260443
700 0.0616732 0.324814 -0.263141
750 0.0625927 0.326454 -0.263862
800 0.0625978 0.326956 -0.264358
850 0.0625999 0.325148 -0.262548
900 0.0610235 0.322557 -0.261533
950 0.0597737 0.320506 -0.260732
1000 0.0597749 0.318043 -0.258268
1050 0.0581296 0.315258 -0.257129
1100 0.0568495 0.313088 -0.256239
1150 0.0558979 0.311478 -0.25558
1200 0.0558999 0.30968 -0.25378
1250 0.0558999 0.30706 -0.25116
1300 0.0558982 0.303762 -0.247864
1350 0.054042 0.300464 -0.246422
1400 0.0524969 0.297709 -0.245212
1450 0.0512241 0.295432 -0.244207
1500 0.0501924 0.293583 -0.24339
1550 0.0493775 0.292122 -0.242745
1600 0.0487603 0.291018 -0.242258
1650 0.0483257 0.290245 -0.241919
1700 0.0480626 0.289785 -0.241722
1750 0.0479626 0.289622 -0.24166
1800 0.0479659 0.289384 -0.241418
1850 0.0477831 0.289066 -0.241283
1900 0.047752 0.289027 -0.241275
1950 0.0477551 0.288908 -0.241153
2000 0.0476373 0.288708 -0.24107
2050 0.047664 0.288774 -0.24111
2100 0.0478338 0.289103 -0.241269
2150 0.0478375 0.28935 -0.241512
2200 0.0478398 0.28917 -0.24133
2250 0.0476925 0.288911 -0.241218
2300 0.0476941 0.288579 -0.240885
2350 0.0474709 0.288177 -0.240706
2400 0.0473914 0.28804 -0.240648
2450 0.0474553 0.288167 -0.240712
2500 0.0474575 0.288234 -0.240776
2550 0.0474604 0.288244 -0.240784
2600 0.0474616 0.288203 -0.240741
2650 0.0474139 0.288115 -0.240701
2700 0.0474143 0.287984 -0.24057
2750 0.0473277 0.287817 -0.240489
2800 0.0474043 0.287948 -0.240544
2850 0.0476514 0.288389 -0.240738
2900 0.0480804 0.289158 -0.241078
2950 0.0487073 0.290281 -0.241574
3000 0.0495539 0.291792 -0.242239
3050 0.0506471 0.293735 -0.243088
3100 0.0520178 0.296156 -0.244138
3150 0.0536909 0.299093 -0.245403
3200 0.0556649 0.302545 -0.24688
3250 0.0578853 0.306422 -0.248537
3300 0.0578907 0.309764 -0.251874
3350 0.0593834 0.312414 -0.25303
3400 0.0609851 0.315263 -0.254278
3450 0.0627743 0.318435 -0.25566
3500 0.0647785 0.321968 -0.257189
3550 0.0669824 0.325831 -0.258849
3600 0.0693413 0.329951 -0.260609
3650 0.0717817 0.334203 -0.262421
3700 0.071791 0.337054 -0.265263
3750 0.0725183 0.338429 -0.26591
3800 0.0732501 0.339808 -0.266558
3850 0.0740201 0.341245 -0.267225
3900 0.0748163 0.342723 -0.267906
3950 0.075598 0.344176 -0.268578
4000 0.0763191 0.345534 -0.269215
4050 0.0769514 0.34675 -0.269799
4100 0.0774893 0.347818 -0.270329
4150 0.0779425 0.348751 -0.270809
4200 0.0783249 0.349573 -0.271248
4250 0.0786532 0.35031 -0.271657
4300 0.0789473 0.350995 -0.272048
4350 0.079231 0.351668 -0.272437
4400 0.0795319 0.352374 -0.272843
4450 0.0795455 0.351979 -0.272434
4500 0.0786774 0.350658 -0.27198
4550 0.0780384 0.349708 -0.27167
4600 0.0776475 0.349168 -0.271521
4650 0.0776588 0.348103 -0.270444
4700 0.076734 0.346573 -0.269839
4750 0.076093 0.345519 -0.269426
4800 0.0757181 0.344918 -0.2692
4850 0.075594 0.344746 -0.269152
4900 0.0756009 0.344183 -0.268582
4950 0.0750554 0.343231 -0.268175
5000 0.0747442 0.342681 -0.267937
5050 0.0746538 0.342512 -0.267858
5100 0.0747618 0.342687 -0.267925
5150 0.075031 0.343145 -0.268114
5200 0.0750356 0.342971 -0.267936
5250 0.0745488 0.34212 -0.267571
5300 0.0745508 0.34066 -0.26611
5350 0.0745501 0.337971 -0.263421
5400 0.0728759 0.335008 -0.262133
5450 0.0715018 0.332554 -0.261052
5500 0.0704142 0.330589 -0.260174
5550 0.0695958 0.329087 -0.259491
5600 0.06903 0.328022 -0.258992
5650 0.0687011 0.327369 -0.258668
5700 0.0687009 0.326487 -0.257786
5750 0.0686989 0.324746 -0.256047
5800 0.068695 0.322195 -0.253499
5850 0.0686892 0.318938 -0.250249
5900 0.068682 0.315106 -0.246424
5950 0.0666013 0.311287 -0.244686
6000 0.0648023 0.30796 -0.243158
6050 0.0647959 0.304674 -0.239878
6100 0.0647885 0.301047 -0.236259
6150 0.0628824 0.297492 -0.234609
6200 0.0628748 0.294027 -0.231152
6250 0.0628664 0.290337 -0.227471
6300 0.0609592 0.286753 -0.225794
6350 0.0609505 0.283285 -0.222335
6400 0.0609408 0.279675 -0.218734
6450 0.0590965 0.276184 -0.217088
6500 0.0590866 0.272817 -0.21373
6550 0.0573748 0.269561 -0.212186
6600 0.0558277 0.266605 -0.210777
6650 0.0544309 0.263925 -0.209494
6700 0.0531733 0.261502 -0.208329
6750 0.0520466 0.259321 -0.207274
6800 0.0510453 0.25737 -0.206325
6850 0.0501652 0.255642 -0.205476
6900 0.0494042 0.25413 -0.204726
6950 0.0487608 0.252832 -0.204072
7000 0.0482323 0.251741 -0.203509
7050 0.0478115 0.250845 -0.203034
7100 0.0474835 0.250118 -0.202634
7150 0.0472216 0.249517 -0.202295
7200 0.0469947 0.248992 -0.201997
7250 0.0467817 0.248507 -0.201725
7300 0.0465873 0.248069 -0.201482
7350 0.0464394 0.247722 -0.201283
7400 0.0463738 0.247522 -0.201149
7450 0.0464176 0.24751 -0.201093
7500 0.0464108 0.247363 -0.200952
7550 0.0462876 0.247062 -0.200774
7600 0.0462631 0.246929 -0.200666
7650 0.0463214 0.246939 -0.200618
7700 0.0464426 0.247059 -0.200616
7750 0.0466086 0.247258 -0.200649
7800 0.0468031 0.247508 -0.200705
7850 0.0469987 0.247764 -0.200765
7900 0.0471457 0.247947 -0.200801
7950 0.0471801 0.247952 -0.200772
8000 0.0470583 0.247711 -0.200653
8050 0.0467892 0.247238 -0.200449
8100 0.0464295 0.246623 -0.200194
8150 0.046048 0.245977 -0.199929
8200 0.0456956 0.245381 -0.199685
8250 0.0454061 0.244888 -0.199482
8300 0.04521 0.244547 -0.199337
8350 0.0451258 0.244391 -0.199265
8400 0.0451208 0.243997 -0.198876
8450 0.0451151 0.242976 -0.197861
8500 0.0444484 0.241807 -0.197358
8550 0.0439457 0.24091 -0.196964
8600 0.0435984 0.240274 -0.196675
8650 0.0433847 0.239865 -0.19648
8700 0.0432778 0.239641 -0.196363
8750 0.0432537 0.239563 -0.19631
8800 0.0432944 0.239603 -0.196308
8850 0.0433878 0.239739 -0.196351
8900 0.0435329 0.239969 -0.196437
8950 0.0437427 0.240312 -0.196569
9000 0.0440344 0.240791 -0.196757
9050 0.0444057 0.241403 -0.196997
9100 0.0448148 0.242078 -0.197264
9150 0.0451883 0.242699 -0.197511
9200 0.0454569 0.243153 -0.197696
9250 0.0455865 0.243385 -0.197798
9300 0.0455803 0.243401 -0.19782
9350 0.0454648 0.243242 -0.197778
9400 0.0452738 0.242966 -0.197692
9450 0.0450328 0.242613 -0.19758
9500 0.0447765 0.242236 -0.19746
9550 0.0445757 0.241951 -0.197375
9600 0.0444919 0.241859 -0.197367
9650 0.0445313 0.24197 -0.197439
9700 0.0446628 0.242236 -0.197573
9750 0.0448557 0.24261 -0.197754
9800 0.0450931 0.243065 -0.197972
9850 0.0453726 0.243597 -0.198225
9900 0.0456993 0.244213 -0.198514
9950 0.0460732 0.244911 -0.198838
10000 0.0464896 0.245685 -0.199196
10050 0.0469432 0.246526 -0.199583
10100 0.0474185 0.247409 -0.19999
10150 0.0478931 0.248296 -0.200403
10200 0.0478984 0.248781 -0.200883
10250 0.0479499 0.248957 -0.201007
10300 0.0481194 0.249327 -0.201208
10350 0.0484239 0.249918 -0.201494
10400 0.0484296 0.250339 -0.20191
10450 0.0484349 0.250214 -0.201779
10500 0.0482553 0.249953 -0.201698
10550 0.0482101 0.249919 -0.201708
10600 0.0482715 0.250067 -0.201796
10650 0.0482779 0.250036 -0.201759
10700 0.048149 0.249857 -0.201708
10750 0.0481555 0.249595 -0.20144
10800 0.0479542 0.249282 -0.201328
10850 0.0479608 0.248946 -0.200986
10900 0.0479671 0.24835 -0.200383
10950 0.0476314 0.247775 -0.200144
11000 0.047447 0.247461 -0.200014
11050 0.0474531 0.247178 -0.199724
11100 0.0473082 0.24692 -0.199612
11150 0.0472962 0.246894 -0.199598
11200 0.0474144 0.247096 -0.199682
11250 0.0474198 0.247301 -0.199881
11300 0.0475407 0.247498 -0.199958
11350 0.0475456 0.247659 -0.200113
11400 0.0476101 0.247756 -0.200146
11450 0.0477644 0.248012 -0.200248
11500 0.0477689 0.248152 -0.200383
11550 0.0477725 0.247912 -0.20014
11600 0.0475878 0.247584 -0.199996
11650 0.0475087 0.24744 -0.199932
11700 0.0475314 0.247474 -0.199943
11750 0.0475343 0.247429 -0.199894
11800 0.047468 0.247307 -0.199839
11850 0.0475054 0.247368 -0.199862
11900 0.0475076 0.247358 -0.19985
11950 0.0475091 0.247031 -0.199522
12000 0.04751 0.246412 -0.198902
12050 0.0471503 0.24577 -0.19862
12100 0.0471504 0.24513 -0.19798
12150 0.04715 0.244302 -0.197152
12200 0.0467143 0.243506 -0.196791
12250 0.0467132 0.24275 -0.196037
12300 0.0463267 0.242032 -0.195705
12350 0.0463248 0.241351 -0.195026
12400 0.0459823 0.240705 -0.194722
12450 0.0459793 0.240093 -0.194114
12500 0.0456768 0.239514 -0.193837
12550 0.0454774 0.239121 -0.193643
12600 0.0454729 0.238756 -0.193283
12650 0.0454674 0.238263 -0.192796
12700 0.0452281 0.237792 -0.192564
12750 0.0450842 0.237495 -0.192411
12800 0.0450769 0.237214 -0.192137
12850 0.0450686 0.236789 -0.19172
12900 0.0450592 0.236223 -0.191164
12950 0.044781 0.235678 -0.190897
13000 0.04477 0.235154 -0.190384
13050 0.0445175 0.234652 -0.190135
13100 0.044361 0.234324 -0.189963
13150 0.0443479 0.234012 -0.189664
13200 0.0443336 0.233553 -0.189219
13250 0.0443183 0.23294 -0.188622
13300 0.044011 0.232333 -0.188322
13350 0.0439945 0.231732 -0.187738
13400 0.0436939 0.231137 -0.187443
13450 0.0436763 0.230546 -0.18687
13500 0.043658 0.229798 -0.18614
13550 0.0432786 0.229057 -0.185778
13600 0.0432596 0.228323 -0.185063
13650 0.0432403 0.227436 -0.184196
13700 0.0432206 0.226401 -0.18318
13750 0.0426876 0.225378 -0.18269
13800 0.0426679 0.22437 -0.181702
13850 0.0421513 0.223377 -0.181226
13900 0.0417229 0.222544 -0.180821
13950 0.0413803 0.221868 -0.180488
14000 0.0411222 0.221347 -0.180225
14050 0.0409487 0.22098 -0.180031
14100 0.04086 0.220767 -0.179907
14150 0.0408425 0.22055 -0.179707
14200 0.0407434 0.220322 -0.179579
14250 0.04073 0.22025 -0.17952
14300 0.0408078 0.220342 -0.179535
14350 0.0407918 0.220418 -0.179626
14400 0.0408465 0.220471 -0.179624
14450 0.0408312 0.220479 -0.179648
14500 0.0408229 0.220427 -0.179604
14550 0.0408082 0.220301 -0.179493
14600 0.0407167 0.22011 -0.179394
14650 0.0407177 0.220085 -0.179367
14700 0.0408214 0.220241 -0.179419
14750 0.0410369 0.220592 -0.179555
14800 0.0413708 0.221149 -0.179778
14850 0.0418221 0.221909 -0.180087
14900 0.0423684 0.222837 -0.180468
14950 0.0429595 0.22385 -0.18089
15000 0.043558 0.224883 -0.181325
15050 0.0441746 0.225957 -0.181783
15100 0.0448215 0.227093 -0.182271
15150 0.0454669 0.228238 -0.182771
15200 0.0460611 0.229312 -0.18325
15250 0.0465873 0.230287 -0.1837
15300 0.0470761 0.231216 -0.18414
15350 0.0475833 0.232187 -0.184604
15400 0.0481651 0.233289 -0.185124
15450 0.0481588 0.234151 -0.185992
15500 0.0484927 0.234819 -0.186326
15550 0.0489746 0.235735 -0.186761
15600 0.0489694 0.236456 -0.187487
15650 0.0489641 0.236568 -0.187604
15700 0.0489171 0.236557 -0.18764
15750 0.0490629 0.236872 -0.18781
15800 0.0494055 0.237524 -0.188118
15850 0.049402 0.238124 -0.188722
15900 0.0496821 0.238651 -0.188969
15950 0.0496788 0.239079 -0.1894
16000 0.0498424 0.239395 -0.189553
16050 0.0501578 0.239978 -0.18982
16100 0.0506213 0.24082 -0.190198
16150 0.05122 0.2419 -0.19068
16200 0.0512177 0.242759 -0.191541
16250 0.0515299 0.243351 -0.191821
16300 0.0515273 0.243702 -0.192174
16350 0.0515985 0.243873 -0.192274
16400 0.0515955 0.243918 -0.192322
16450 0.0515442 0.243853 -0.192308
16500 0.0516488 0.244057 -0.192408
16550 0.0519017 0.244521 -0.192619
16600 0.0518982 0.244863 -0.192965
16650 0.0518938 0.244707 -0.192813
16700 0.0517445 0.244427 -0.192683
16750 0.0517372 0.244395 -0.192658
16800 0.0518715 0.244609 -0.192738
16850 0.0521465 0.245068 -0.192921
16900 0.0521413 0.245359 -0.193217
16950 0.0522079 0.245436 -0.193229
17000 0.0523568 0.245663 -0.193306
17050 0.0525774 0.246019 -0.193442
17100 0.0528742 0.246512 -0.193638
17150 0.0532569 0.247156 -0.193899
17200 0.0537312 0.247957 -0.194226
17250 0.0537259 0.248404 -0.194679
17300 0.0537806 0.248461 -0.19468
17350 0.0537746 0.248094 -0.19432
17400 0.0533525 0.247309 -0.193957
17450 0.0529979 0.24664 -0.193642
17500 0.0527085 0.246081 -0.193373
17550 0.0524687 0.245608 -0.19314
17600 0.0522588 0.24519 -0.192931
17650 0.0520612 0.244798 -0.192737
17700 0.0520557 0.2439 -0.191845
17750 0.0520494 0.242058 -0.190009
17800 0.0508535 0.23992 -0.189067
17850 0.0498105 0.238037 -0.188226
17900 0.0489254 0.236417 -0.187491
17950 0.0481889 0.235047 -0.186858
18000 0.0481829 0.233535 -0.185352
18050 0.0481764 0.231508 -0.183332
18100 0.0470026 0.229344 -0.182342
18150 0.0469955 0.227088 -0.180092
18200 0.04574 0.224769 -0.179029
18250 0.0457321 0.222433 -0.176701
18300 0.0457237 0.219852 -0.174128
18350 0.0443573 0.217308 -0.172951
18400 0.0431418 0.215031 -0.171889
18450 0.0420632 0.212998 -0.170935
18500 0.0411102 0.21119 -0.17008
18550 0.0411014 0.209413 -0.168311
18600 0.0410921 0.207493 -0.166401
18650 0.0401033 0.205612 -0.165508
18700 0.0392251 0.20393 -0.164705
18750 0.0392158 0.202289 -0.163073
18800 0.0392064 0.200538 -0.161332
18850 0.0383167 0.19883 -0.160513
18900 0.0383073 0.197166 -0.158859
18950 0.0374659 0.195544 -0.158078
19000 0.0374569 0.193961 -0.156504
19050 0.0366562 0.192413 -0.155756
19100 0.0366471 0.190897 -0.15425
19150 0.0358801 0.189412 -0.153532
19200 0.0351945 0.188076 -0.152882
19250 0.0351858 0.186767 -0.151581
19300 0.035177 0.185366 -0.150189
19350 0.0351683 0.183877 -0.148709
19400 0.0344129 0.182418 -0.148006
19450 0.0344043 0.180992 -0.146588
19500 0.0343958 0.179496 -0.145101
19550 0.03364 0.178039 -0.144399
19600 0.0336317 0.176623 -0.142991
19650 0.0336234 0.175162 -0.141539
19700 0.0336151 0.173666 -0.140051
19750 0.0328683 0.172221 -0.139353
19800 0.0328602 0.170829 -0.137969
19850 0.0328521 0.169415 -0.136563
19900 0.032844 0.167981 -0.135137
19950 0.032836 0.166532 -0.133696
20000 0.0321171 0.165134 -0.133017
20050 0.0314587 0.163849 -0.13239
20100 0.031451 0.162608 -0.131157
20150 0.0314434 0.16135 -0.129906
20200 0.0314359 0.160074 -0.128638
20250 0.0308033 0.158837 -0.128034
20300 0.0307959 0.15764 -0.126844
20350 0.0307887 0.156425 -0.125636
20400 0.0307814 0.155195 -0.124413
20450 0.0307743 0.153951 -0.123177
20500 0.0307672 0.152699 -0.121932
20550 0.0301447 0.151485 -0.12134
20600 0.0295661 0.150354 -0.120788
20650 0.0295594 0.149258 -0.119698
20700 0.0295527 0.148155 -0.118603
20750 0.0290071 0.147087 -0.11808
20800 0.0290005 0.146052 -0.117051
20850 0.028994 0.145012 -0.116018
20900 0.0289874 0.143969 -0.114981
20950 0.0289809 0.142924 -0.113943
21000 0.0284645 0.141911 -0.113447
21050 0.0284582 0.14093 -0.112472
21100 0.0279745 0.139979 -0.112005
21150 0.0279683 0.139058 -0.11109
21200 0.0275151 0.138165 -0.11065
21250 0.0275091 0.1373 -0.109791
21300 0.027503 0.136433 -0.10893
21350 0.0274969 0.135566 -0.108069
21400 0.027491 0.134698 -0.107207
21450 0.0270638 0.133855 -0.106791
21500 0.0270579 0.133037 -0.10598
21550 0.0266565 0.132244 -0.105587
21600 0.0266508 0.131474 -0.104823
21650 0.0262735 0.130726 -0.104452
21700 0.0259212 0.130025 -0.104104
21750 0.0255941 0.129372 -0.103778
21800 0.0252924 0.128766 -0.103473
21850 0.025287 0.128181 -0.102894
21900 0.0252816 0.127586 -0.102305
21950 0.0252763 0.12698 -0.101703
22000 0.0249816 0.126389 -0.101408
22050 0.0249764 0.125814 -0.100838
22100 0.0246968 0.125253 -0.100556
22150 0.0246917 0.124706 -0.100014
22200 0.0244258 0.124172 -0.0997457
22250 0.0241858 0.123685 -0.099499
22300 0.0239731 0.123248 -0.0992744
22350 0.0239681 0.122823 -0.0988553
22400 0.0237695 0.122412 -0.098643
22450 0.0237646 0.122012 -0.0982476
22500 0.0237597 0.121576 -0.0978165
22550 0.0237548 0.1211 -0.0973448
22600 0.0235202 0.120628 -0.0971076
22650 0.0235154 0.120158 -0.0966427
22700 0.0235106 0.119639 -0.0961286
22750 0.0232461 0.119118 -0.0958723
22800 0.0232414 0.118596 -0.0953544
22850 0.0232367 0.118027 -0.09479
22900 0.0232321 0.117419 -0.0941868
22950 0.0232274 0.116783 -0.0935556
23000 0.0232228 0.116129 -0.0929066
23050 0.0232182 0.115467 -0.0922488
23100 0.0232136 0.114803 -0.091589
23150 0.0228829 0.114164 -0.0912814
23200 0.0228784 0.113552 -0.0906735
23250 0.0225753 0.112962 -0.090387
23300 0.0222942 0.112413 -0.0901189
23350 0.0220328 0.1119 -0.0898675
23400 0.0217897 0.111421 -0.0896317
23450 0.0215636 0.110974 -0.0894108
23500 0.0215594 0.110542 -0.0889826
23550 0.0215552 0.110107 -0.0885519
23600 0.0213426 0.109685 -0.0883428
23650 0.021145 0.109292 -0.0881468
23700 0.0211409 0.10891 -0.0877689
23750 0.0211369 0.108523 -0.0873857
23800 0.0211329 0.10813 -0.0869967
23850 0.0211289 0.107731 -0.0866019
23900 0.021125 0.107327 -0.0862017
23950 0.0209263 0.106933 -0.0860066
24000 0.0207412 0.106565 -0.0858235
24050 0.0207374 0.106207 -0.0854692
24100 0.0207335 0.105844 -0.0851104
24150 0.0205565 0.105491 -0.0849348
24200 0.0203925 0.105163 -0.0847707
24250 0.0202416 0.10486 -0.0846182
24300 0.0201041 0.104581 -0.0844773
24350 0.0199803 0.104329 -0.0843483
24400 0.0199767 0.104086 -0.0841095
24450 0.0199731 0.103837 -0.083864
24500 0.0199695 0.10358 -0.0836101
24550 0.019966 0.103313 -0.0833469
24600 0.0198387 0.103054 -0.0832158
24650 0.0197263 0.102823 -0.0830972
24700 0.0197228 0.102601 -0.0828783
24750 0.01962 0.102388 -0.0827678
24800 0.0196165 0.102183 -0.0825663
24850 0.0195229 0.101986 -0.0824634
24900 0.0195195 0.101797 -0.0822773
24950 0.019516 0.101587 -0.0820713
25000 0.019417 0.101382 -0.0819649
25050 0.0194136 0.101179 -0.0817651
25100 0.019316 0.100977 -0.0816612
25150 0.0192356 0.100807 -0.0815711
25200 0.0191733 0.100669 -0.0814957
25250 0.0191307 0.100567 -0.0814358
25300 0.0191274 0.100466 -0.0813384
25350 0.0191241 0.100329 -0.0812048
25400 0.0190621 0.100193 -0.0811311
25450 0.0190246 0.1001 -0.0810756
25500 0.0190213 0.100009 -0.0809875
25550 0.0190181 0.0998705 -0.0808524
25600 0.0190148 0.0996794 -0.0806646
25650 0.0189167 0.0994811 -0.0805644
25700 0.0188418 0.0993232 -0.0804815
25750 0.01879 0.0992058 -0.0804159
25800 0.0187614 0.099129 -0.0803676
25850 0.0187582 0.0990339 -0.0802758
25900 0.0187043 0.0989156 -0.0802113
25950 0.0186685 0.0988297 -0.0801612
26000 0.01865 0.0987745 -0.0801246
26050 0.0186473 0.0987481 -0.0801008
26100 0.018659 0.0987479 -0.0800888
26150 0.018656 0.0986972 -0.0800412
26200 0.0186529 0.0985259 -0.079873
26250 0.0185426 0.0983242 -0.0797816
26300 0.0185396 0.0981135 -0.0795739
26350 0.0184269 0.0979056 -0.0794787
26400 0.0184239 0.0977115 -0.0792877
26450 0.0183312 0.0975335 -0.0792023
26500 0.0183282 0.0973717 -0.0790435
26550 0.0182534 0.0972215 -0.0789681
26600 0.0182504 0.0970757 -0.0788253
26650 0.0182474 0.0968735 -0.0786261
26700 0.0182444 0.0966148 -0.0783705
26750 0.0181065 0.0963567 -0.0782502
26800 0.0181036 0.0961061 -0.0780026
26850 0.0179763 0.0958662 -0.0778899
26900 0.0179734 0.0956415 -0.077668
26950 0.0178644 0.0954323 -0.0775679
27000 0.0177864 0.0952776 -0.0774912
27050 0.0177383 0.0951758 -0.0774375
27100 0.0177355 0.0950868 -0.0773513
27150 0.0177006 0.0950082 -0.0773076
27200 0.0176933 0.0949787 -0.0772854
27250 0.0177136 0.094998 -0.0772845
27300 0.0177108 0.0950175 -0.0773067
27350 0.0177293 0.0950352 -0.0773059
27400 0.0177763 0.0951029 -0.0773266
27450 0.0178547 0.0952252 -0.0773705
27500 0.0179664 0.0954047 -0.0774382
27550 0.0179637 0.0955673 -0.0776036
27600 0.0179609 0.0956233 -0.0776624
27650 0.0179755 0.0956388 -0.0776634
27700 0.0180109 0.0956916 -0.0776807
27750 0.0180672 0.0957816 -0.0777143
27800 0.0180646 0.0958251 -0.0777605
27850 0.0180684 0.0958278 -0.0777594
27900 0.0181026 0.095883 -0.0777804
27950 0.018172 0.0959987 -0.0778266
28000 0.0182813 0.096182 -0.0779006
28050 0.0184349 0.0964394 -0.0780045
28100 0.0184323 0.0966719 -0.0782396
28150 0.0185529 0.0968681 -0.0783152
28200 0.0185502 0.0970035 -0.0784533
28250 0.0185887 0.0970591 -0.0784705
28300 0.0185859 0.0970178 -0.0784319
28350 0.0185832 0.0967636 -0.0781804
28400 0.0185805 0.0963399 -0.0777594
28450 0.018329 0.0958988 -0.0775698
28500 0.0181365 0.0955555 -0.077419
28550 0.0180016 0.0953086 -0.077307
28600 0.0179989 0.0950765 -0.0770775
28650 0.0178839 0.0948576 -0.0769737
28700 0.0178198 0.0947256 -0.0769058
28750 0.0178172 0.094593 -0.0767757
28800 0.0178147 0.09437 -0.0765553
28850 0.0178122 0.0940566 -0.0762444
28900 0.0176421 0.0937387 -0.0760966
28950 0.0175158 0.0934963 -0.0759805
29000 0.0175134 0.0932532 -0.0757398
29050 0.017511 0.092935 -0.075424
29100 0.0173405 0.0926154 -0.0752749
29150 0.0173382 0.092296 -0.0749577
29200 0.0171671 0.0919761 -0.074809
29250 0.0171648 0.0916601 -0.0744953
29300 0.0169994 0.091351 -0.0743516
29350 0.0169972 0.0910551 -0.0740579
29400 0.0168486 0.0907745 -0.073926
29450 0.0167392 0.0905625 -0.0738233
29500 0.0166676 0.0904167 -0.0737492
29550 0.0166327 0.0903352 -0.0737025
29600 0.0166306 0.0902591 -0.0736285
29650 0.0166285 0.0901228 -0.0734943
29700 0.0166264 0.0899199 -0.0732935
29750 0.016516 0.0897098 -0.0731938
29800 0.016435 0.089552 -0.0731169
29850 0.0163848 0.0894485 -0.0730636
29900 0.0163828 0.0893468 -0.072964
29950 0.0163355 0.0892479 -0.0729124
30000 0.0163211 0.0892063 -0.0728853
30050 0.0163403 0.0892229 -0.0728826
30100 0.0163384 0.0892342 -0.0728959
30150 0.0163364 0.0891688 -0.0728324
30200 0.0163344 0.0890208 -0.0726864
30250 0.0163324 0.0887947 -0.0724622
30300 0.0163305 0.0885004 -0.07217
30350 0.0163285 0.0881494 -0.071821
30400 0.0163265 0.087753 -0.0714265
30450 0.0161181 0.0873692 -0.071251
30500 0.0159437 0.0870447 -0.071101
30550 0.0157998 0.0867742 -0.0709744
30600 0.0157978 0.0865145 -0.0707167
30650 0.0157958 0.0862283 -0.0704324
30700 0.0157939 0.0859212 -0.0701274
30750 0.0156398 0.0856315 -0.0699916
30800 0.0155134 0.0853911 -0.0698776
30850 0.0155115 0.0851686 -0.069657
30900 0.0154055 0.0849637 -0.0695583
30950 0.0153253 0.0848053 -0.06948
31000 0.0152713 0.0846934 -0.069422
31050 0.0152445 0.0846294 -0.0693849
31100 0.0152464 0.0846156 -0.0693692
31150 0.0152446 0.0846149 -0.0693704
31200 0.0152428 0.0845783 -0.0693355
31250 0.0152266 0.0845342 -0.0693076
31300 0.015229 0.0845236 -0.0692946
31350 0.0152273 0.0845041 -0.0692768
31400 0.015221 0.0844796 -0.0692586
31450 0.0152395 0.0844981 -0.0692587
31500 0.0152378 0.0844962 -0.0692584
31550 0.0152245 0.0844628 -0.0692383
31600 0.0152259 0.0844559 -0.0692299
31650 0.0152243 0.0844286 -0.0692043
31700 0.0152226 0.0843343 -0.0691117
31750 0.015221 0.0841824 -0.0689615
31800 0.0151398 0.0840313 -0.0688915
31850 0.0150897 0.0839327 -0.068843
31900 0.0150881 0.0838321 -0.0687441
31950 0.0150334 0.0837255 -0.0686921
32000 0.0150318 0.0836066 -0.0685748
32050 0.0149581 0.0834693 -0.0685112
32100 0.0149566 0.0833143 -0.0683577
32150 0.014955 0.0831035 -0.0681485
32200 0.0149535 0.0828586 -0.0679052
32250 0.014952 0.0825991 -0.0676472
32300 0.0148249 0.0823669 -0.067542
32350 0.0148234 0.082163 -0.0673396
32400 0.0148219 0.0819583 -0.0671365
32450 0.0147268 0.0817781 -0.0670513
32500 0.0147253 0.0816206 -0.0668953
32550 0.0146548 0.0814835 -0.0668287
32600 0.0146533 0.0813654 -0.0667122
32650 0.0146036 0.0812653 -0.0666617
32700 0.0145764 0.0812059 -0.0666295
32750 0.0145749 0.0811632 -0.0665883
32800 0.0145667 0.0811374 -0.0665706
32850 0.0145653 0.0811272 -0.0665619
32900 0.0145755 0.081133 -0.0665575
32950 0.0146121 0.0811853 -0.0665731
33000 0.0146782 0.0812881 -0.0666099
33050 0.0147766 0.0814459 -0.0666693
33100 0.0149088 0.0816604 -0.0667516
33150 0.0150709 0.0819249 -0.066854
33200 0.0150695 0.0821443 -0.0670748
33250 0.0150681 0.0822055 -0.0671375
33300 0.0150554 0.0821829 -0.0671275
33350 0.015051 0.0821759 -0.0671249
33400 0.0150496 0.082128 -0.0670784
33450 0.0150483 0.0819873 -0.066939
33500 0.0150469 0.0817819 -0.066735
33550 0.0150456 0.0815381 -0.0664925
33600 0.0150443 0.0812746 -0.0662304
33650 0.0149176 0.0810448 -0.0661273
33700 0.0148338 0.0808881 -0.0660543
33750 0.0148325 0.0807549 -0.0659224
33800 0.0148311 0.0805984 -0.0657673
33850 0.0148298 0.0804162 -0.0655864
33900 0.0148285 0.0802096 -0.0653811
33950 0.0148272 0.0799829 -0.0651557
34000 0.0148259 0.0797412 -0.0649153
34050 0.0148246 0.0794889 -0.0646643
34100 0.0147013 0.0792575 -0.0645562
34150 0.0147 0.0790466 -0.0643466
34200 0.0146988 0.0788286 -0.0641299
34250 0.0146975 0.0786048 -0.0639073
34300 0.0146963 0.0783764 -0.0636801
34350 0.014695 0.0781445 -0.0634495
34400 0.0146938 0.0779102 -0.0632165
34450 0.0146925 0.0776747 -0.0629821
34500 0.0146913 0.0774385 -0.0627472
34550 0.0146901 0.0772026 -0.0625125
34600 0.0145761 0.0769834 -0.0624073
34650 0.0144793 0.0767957 -0.0623164
34700 0.0144781 0.0766221 -0.062144
34750 0.0143961 0.0764616 -0.0620655
34800 0.0143289 0.0763282 -0.0619993
34850 0.0143277 0.0762062 -0.0618785
34900 0.0142724 0.0760948 -0.0618224
34950 0.0142713 0.0759933 -0.061722
35000 0.0142701 0.0758849 -0.0616148
35050 0.014269 0.0757684 -0.0614994
35100 0.0142679 0.075643 -0.0613752
35150 0.0142667 0.0755084 -0.0612417
35200 0.0142015 0.0753804 -0.0611788
35250 0.0142004 0.0752589 -0.0610585
35300 0.0141419 0.0751435 -0.0610016
35350 0.014095 0.0750497 -0.0609547
35400 0.0140939 0.0749617 -0.0608678
35450 0.0140531 0.0748794 -0.0608263
35500 0.0140239 0.0748184 -0.0607945
35550 0.0140228 0.0747629 -0.0607402
35600 0.0140217 0.0746965 -0.0606749
35650 0.0140205 0.074619 -0.0605984
35700 0.0139848 0.0745468 -0.060562
35750 0.0139837 0.0744801 -0.0604964
35800 0.0139826 0.0744024 -0.0604198
35850 0.0139815 0.0743137 -0.0603322
35900 0.0139804 0.0742143 -0.0602339
35950 0.0139329 0.0741206 -0.0601877
36000 0.0139318 0.0740325 -0.0601007
36050 0.0139307 0.0739339 -0.0600031
36100 0.0138834 0.0738406 -0.0599572
36150 0.0138475 0.0737683 -0.0599208
36200 0.0138465 0.073701 -0.0598545
36250 0.0138454 0.0736225 -0.0597771
36300 0.0138086 0.0735487 -0.0597401
36350 0.0138075 0.0734792 -0.0596717
36400 0.0138065 0.0733979 -0.0595914
36450 0.0138054 0.0733049 -0.0594995
36500 0.0138044 0.0732006 -0.0593963
36550 0.0138033 0.0730861 -0.0592828
36600 0.0138023 0.0729624 -0.0591601
36650 0.0138013 0.0728308 -0.0590295
36700 0.0138002 0.0726925 -0.0588922
36750 0.013732 0.0725611 -0.0588291
36800 0.0137309 0.0724367 -0.0587058
36850 0.0136702 0.0723189 -0.0586487
36900 0.0136692 0.0722075 -0.0585384
36950 0.0136681 0.0720912 -0.0584231
37000 0.0136671 0.0719703 -0.0583032
37050 0.0136661 0.0718451 -0.058179
37100 0.0136651 0.071716 -0.0580508
37150 0.0136021 0.0715931 -0.057991
37200 0.0136011 0.0714763 -0.0578752
37250 0.0136001 0.0713558 -0.0577557
37300 0.0135991 0.0712317 -0.0576326
37350 0.0135981 0.0711044 -0.0575063
37400 0.0135972 0.0709739 -0.0573768
37450 0.0135962 0.0708406 -0.0572444
37500 0.0135952 0.0707045 -0.0571094
37550 0.0135942 0.0705661 -0.0569719
37600 0.0135932 0.0704254 -0.0568322
37650 0.0135923 0.0702829 -0.0566906
37700 0.0135913 0.0701387 -0.0565474
37750 0.0135903 0.0699931 -0.0564028
37800 0.0135894 0.0698464 -0.056257
37850 0.0135885 0.0696989 -0.0561104
37900 0.0135875 0.0695507 -0.0559631
37950 0.0135146 0.0694079 -0.0558934
38000 0.0134473 0.0692762 -0.0558288
38050 0.0134464 0.0691493 -0.0557028
38100 0.0133842 0.069027 -0.0556427
38150 0.0133833 0.0689091 -0.0555258
38200 0.0133824 0.0687904 -0.055408
38250 0.0133816 0.0686709 -0.0552893
38300 0.013323 0.0685555 -0.0552325
38350 0.0133221 0.0684442 -0.055122
38400 0.0133213 0.068332 -0.0550107
38450 0.0133204 0.0682189 -0.0548986
38500 0.0133195 0.0681051 -0.0547856
38550 0.0132638 0.067995 -0.0547312
38600 0.0132123 0.067893 -0.0546808
38650 0.0132114 0.0677946 -0.0545832
38700 0.0132104 0.0676952 -0.0544847
38750 0.0132095 0.0675948 -0.0543853
38800 0.0132086 0.0674935 -0.0542849
38850 0.0132077 0.0673913 -0.0541836
38900 0.0131578 0.0672923 -0.0541345
38950 0.0131569 0.0671966 -0.0540397
39000 0.013156 0.0671 -0.0539439
39050 0.0131551 0.0670023 -0.0538471
39100 0.0131542 0.0669036 -0.0537494
39150 0.0131534 0.066804 -0.0536506
39200 0.0131525 0.0667034 -0.0535509
39250 0.0131516 0.0666018 -0.0534503
39300 0.0131507 0.0664993 -0.0533486
39350 0.0131498 0.0663959 -0.0532461
39400 0.0130991 0.0662953 -0.0531962
39450 0.0130982 0.0661977 -0.0530995
39500 0.0130973 0.066099 -0.0530017
39550 0.0130491 0.0660032 -0.0529541
39600 0.0130482 0.06591 -0.0528618
39650 0.0130027 0.0658196 -0.0528168
39700 0.0129606 0.0657355 -0.0527749
39750 0.0129597 0.065654 -0.0526942
39800 0.0129589 0.0655713 -0.0526124
39850 0.012958 0.0654874 -0.0525294
39900 0.0129173 0.065406 -0.0524888
39950 0.0128798 0.0653309 -0.0524511
40000 0.0128456 0.0652621 -0.0524165
40050 0.0128447 0.0651958 -0.052351
40100 0.0128131 0.065132 -0.0523188
40150 0.012785 0.0650747 -0.0522897
40200 0.0127842 0.0650201 -0.0522359
40250 0.0127833 0.0649637 -0.0521804
40300 0.012757 0.0649098 -0.0521529
40350 0.0127343 0.064863 -0.0521287
40400 0.0127157 0.0648236 -0.0521079
40450 0.0127148 0.0647869 -0.052072
40500 0.012714 0.0647474 -0.0520334
40550 0.0127132 0.0647048 -0.0519915
40600 0.0127124 0.0646583 -0.0519459
40650 0.0126907 0.0646137 -0.051923
40700 0.0126731 0.0645768 -0.0519037
40750 0.0126599 0.064548 -0.0518881
40800 0.0126513 0.0645276 -0.0518764
40850 0.0126505 0.0645092 -0.0518587
40900 0.0126437 0.0644926 -0.0518489
40950 0.0126429 0.0644774 -0.0518345
41000 0.0126375 0.0644637 -0.0518262
41050 0.0126373 0.0644596 -0.0518223
41100 0.0126365 0.0644569 -0.0518204
41150 0.0126358 0.064447 -0.0518112
41200 0.012635 0.0644297 -0.0517947
41250 0.0126342 0.064406 -0.0517718
41300 0.0126244 0.0643854 -0.051761
41350 0.0126215 0.0643773 -0.0517558
41400 0.0126258 0.0643821 -0.0517563
41450 0.0126378 0.0644009 -0.0517631
41500 0.0126583 0.0644347 -0.0517764
41550 0.0126575 0.0644741 -0.0518166
41600 0.0126568 0.0645072 -0.0518504
41650 0.012656 0.0645317 -0.0518756
41700 0.0126553 0.0645455 -0.0518903
41750 0.012666 0.0645613 -0.0518953
41800 0.0126859 0.0645933 -0.0519074
41850 0.0126852 0.0646258 -0.0519406
41900 0.0127051 0.0646581 -0.051953
41950 0.0127343 0.0647067 -0.0519725
42000 0.0127731 0.0647725 -0.0519994
42050 0.0127724 0.0648336 -0.0520613
42100 0.0128045 0.0648886 -0.0520841
42150 0.0128038 0.0649353 -0.0521316
42200 0.0128031 0.0649498 -0.0521467
42250 0.0128024 0.0649349 -0.0521325
42300 0.0127924 0.0649183 -0.0521259
42350 0.0127955 0.0649245 -0.052129
42400 0.0127949 0.0649329 -0.052138
42450 0.0128013 0.0649442 -0.0521429
42500 0.0128216 0.0649797 -0.052158
42550 0.012821 0.0650178 -0.0521968
42600 0.0128443 0.0650581 -0.0522138
42650 0.0128816 0.0651229 -0.0522413
42700 0.0129334 0.0652129 -0.0522796
42750 0.0129327 0.0653021 -0.0523694
42800 0.0129321 0.0653603 -0.0524282
42850 0.0129314 0.0653842 -0.0524528
42900 0.0129308 0.0653738 -0.052443
42950 0.0129228 0.0653596 -0.0524368
43000 0.0129296 0.0653711 -0.0524415
43050 0.0129512 0.0654086 -0.0524574
43100 0.0129505 0.0654425 -0.052492
43150 0.0129499 0.0654426 -0.0524926
43200 0.0129493 0.0654099 -0.0524606
43250 0.0129299 0.065376 -0.0524462
43300 0.0129293 0.0653441 -0.0524149
43350 0.0129287 0.0652901 -0.0523615
43400 0.012928 0.0652184 -0.0522904
43450 0.0129274 0.0651329 -0.0522055
43500 0.0129268 0.0650368 -0.05211
43550 0.0128815 0.064953 -0.0520715
43600 0.0128809 0.0648817 -0.0520008
43650 0.0128803 0.064803 -0.0519227
43700 0.0128456 0.0647362 -0.0518906
43750 0.0128449 0.0646809 -0.051836
43800 0.0128233 0.0646366 -0.0518133
43850 0.0128227 0.0646025 -0.0517799
43900 0.0128125 0.0645781 -0.0517656
43950 0.0128119 0.064562 -0.0517501
44000 0.0128113 0.0645316 -0.0517203
44050 0.0128107 0.0644839 -0.0516732
44100 0.0127897 0.0644395 -0.0516498
44150 0.0127831 0.0644206 -0.0516375
44200 0.012791 0.0644273 -0.0516363
44250 0.0128137 0.0644601 -0.0516464
44300 0.0128517 0.0645193 -0.0516676
44350 0.012905 0.0646049 -0.0516999
44400 0.0129728 0.0647154 -0.0517426
44450 0.0129722 0.0648044 -0.0518321
44500 0.0129717 0.0648183 -0.0518466
44550 0.0129711 0.0647555 -0.0517844
44600 0.0129706 0.0646304 -0.0516598
44650 0.0128933 0.0644975 -0.0516041
44700 0.0128928 0.0643675 -0.0514747
44750 0.0128222 0.0642433 -0.0514211
44800 0.0128216 0.0641285 -0.0513069
44850 0.0128211 0.0639996 -0.0511785
44900 0.0128205 0.0638601 -0.0510396
44950 0.0128199 0.0637131 -0.0508931
45000 0.0128194 0.0635607 -0.0507413
45050 0.0127438 0.0634209 -0.0506771
45100 0.0126833 0.0633081 -0.0506248
45150 0.0126827 0.0632052 -0.0505225
45200 0.0126822 0.0630974 -0.0504152
45250 0.0126816 0.0629854 -0.0503037
45300 0.0126271 0.0628823 -0.0502552
45350 0.0126265 0.0627879 -0.0501614
45400 0.0125814 0.0627017 -0.0501204
45450 0.0125467 0.0626347 -0.050088
45500 0.0125222 0.0625862 -0.0500641
45550 0.0125078 0.0625563 -0.0500485
45600 0.0125073 0.0625333 -0.050026
45650 0.0125068 0.0625049 -0.0499982
45700 0.0125062 0.0624697 -0.0499635
45750 0.0124917 0.0624391 -0.0499475
45800 0.0124912 0.062412 -0.0499209
45850 0.0124906 0.0623741 -0.0498835
45900 0.0124725 0.0623383 -0.0498658
45950 0.012472 0.0623046 -0.0498326
46000 0.0124715 0.0622604 -0.0497889
46050 0.0124501 0.0622199 -0.0497698
46100 0.0124381 0.0621964 -0.0497584
46150 0.0124375 0.0621782 -0.0497407
46200 0.0124317 0.0621659 -0.0497342
46250 0.012436 0.0621719 -0.0497359
46300 0.0124355 0.0621848 -0.0497492
46350 0.012435 0.0621922 -0.0497572
46400 0.0124444 0.0622067 -0.0497622
46450 0.0124439 0.0622278 -0.0497839
46500 0.0124434 0.0622414 -0.0497979
46550 0.0124559 0.0622606 -0.0498047
46600 0.0124802 0.0623006 -0.0498204
46650 0.0125171 0.0623628 -0.0498457
46700 0.0125677 0.0624487 -0.049881
46750 0.0126328 0.0625595 -0.0499267
46800 0.0127121 0.0626945 -0.0499824
46850 0.0128022 0.0628483 -0.0500461
46900 0.0128959 0.0630092 -0.0501134
46950 0.0128954 0.0631277 -0.0502324
47000 0.0128949 0.0631682 -0.0502733
47050 0.0129026 0.0631864 -0.0502838
47100 0.0129254 0.0632295 -0.050304
47150 0.0129249 0.0632601 -0.0503351
47200 0.0129244 0.0632419 -0.0503175
47250 0.0129071 0.0632151 -0.050308
47300 0.0129066 0.063184 -0.0502773
47350 0.0128856 0.0631498 -0.0502642
47400 0.0128815 0.0631446 -0.0502631
47450 0.0128932 0.0631669 -0.0502737
47500 0.0128927 0.0631857 -0.050293
47550 0.0128922 0.0631732 -0.050281
47600 0.0128917 0.0631361 -0.0502445
47650 0.0128755 0.0631085 -0.0502329
47700 0.0128818 0.0631189 -0.0502371
47750 0.0129105 0.0631673 -0.0502568
47800 0.0129101 0.063223 -0.0503129
47850 0.0129096 0.063249 -0.0503394
47900 0.0129231 0.0632695 -0.0503464
47950 0.0129496 0.063313 -0.0503634
48000 0.0129491 0.0633404 -0.0503913
48050 0.0129487 0.0633136 -0.050365
48100 0.0129482 0.0632391 -0.0502908
48150 0.0129025 0.0631603 -0.0502578
48200 0.0128758 0.0631139 -0.050238
48250 0.0128754 0.0630708 -0.0501954
48300 0.012875 0.0630024 -0.0501274
48350 0.0128378 0.0629357 -0.0500979
48400 0.0128374 0.0628692 -0.0500318
48450 0.0127993 0.0628013 -0.050002
48500 0.0127744 0.062757 -0.0499825
48550 0.0127623 0.0627355 -0.0499732
48600 0.0127631 0.0627372 -0.0499741
48650 0.0127775 0.062763 -0.0499855
48700 0.0127771 0.0627908 -0.0500138
48750 0.0127766 0.0627983 -0.0500216
48800 0.0127762 0.0627862 -0.0500099
48850 0.0127758 0.0627548 -0.049979
48900 0.01276 0.0627264 -0.0499663
48950 0.0127596 0.0626999 -0.0499403
49000 0.0127454 0.0626746 -0.0499291
49050 0.012745 0.0626509 -0.0499059
49100 0.012733 0.0626296 -0.0498966
49150 0.0127343 0.0626319 -0.0498976
49200 0.012749 0.0626579 -0.0499089
49250 0.0127774 0.0627081 -0.0499307
49300 0.0127769 0.0627614 -0.0499844
49350 0.0128087 0.0628168 -0.0500082
49400 0.0128542 0.0628965 -0.0500423
49450 0.0128538 0.062974 -0.0501202
49500 0.0128533 0.0630187 -0.0501654
49550 0.0128737 0.0630546 -0.0501808
49600 0.0128733 0.0630803 -0.050207
49650 0.012882 0.0630962 -0.0502141
49700 0.0129017 0.0631314 -0.0502297
49750 0.0129324 0.063186 -0.0502535
49800 0.012932 0.063228 -0.0502959
49850 0.0129469 0.0632556 -0.0503087
49900 0.0129465 0.0632677 -0.0503211
49950 0.0129429 0.0632644 -0.0503215
50000 0.0129488 0.0632781 -0.0503293
