50 0.0533835 0.307593 -0.25421
100 0.0526909 0.306407 -0.253716
150 0.0522458 0.305649 -0.253403
200 0.0520476 0.30532 -0.253273
250 0.0520961 0.305422 -0.253326
300 0.0523923 0.305955 -0.253562
350 0.0529388 0.306923 -0.253984
400 0.0537398 0.308333 -0.254593
450 0.0548007 0.310192 -0.255391
500 0.0561263 0.312506 -0.25638
550 0.0577182 0.315276 -0.257557
600 0.059572 0.318489 -0.258917
650 0.06167 0.322115 -0.260445
700 0.0639745 0.326088 -0.262114
750 0.0664218 0.330303 -0.263881
800 0.0689182 0.334604 -0.265686
850 0.0713475 0.338801 -0.267454
900 0.07359 0.342699 -0.269109
950 0.0755477 0.346138 -0.27059
1000 0.0771666 0.349029 -0.271862
1050 0.0784404 0.351359 -0.272919
1100 0.0793995 0.353176 -0.273777
1150 0.0800946 0.354559 -0.274464
1200 0.0805816 0.355596 -0.275015
1250 0.0809145 0.356376 -0.275461
1300 0.0811427 0.356976 -0.275834
1350 0.0813104 0.357471 -0.27616
1400 0.0814559 0.35792 -0.276464
1450 0.08161 0.358378 -0.276768
1500 0.0817976 0.358883 -0.277086
1550 0.0820374 0.359468 -0.277431
1600 0.0823431 0.360157 -0.277814
1650 0.0827257 0.360967 -0.278242
1700 0.0831937 0.361914 -0.27872
1750 0.0837538 0.363009 -0.279255
1800 0.0844092 0.364256 -0.279847
1850 0.0851577 0.365653 -0.280495
1900 0.0859874 0.367179 -0.281191
1950 0.0868744 0.368795 -0.28192
2000 0.0877829 0.370443 -0.28266
2050 0.0886702 0.372053 -0.283383
2100 0.0894932 0.373556 -0.284063
2150 0.0902181 0.374896 -0.284678
2200 0.0908254 0.376042 -0.285217
2250 0.0913101 0.376987 -0.285677
2300 0.0916797 0.377741 -0.286061
2350 0.0919502 0.37833 -0.28638
2400 0.0921434 0.37879 -0.286647
2450 0.0922843 0.379161 -0.286877
2500 0.0923968 0.379482 -0.287086
2550 0.0925012 0.379787 -0.287286
2600 0.0926132 0.380102 -0.287489
2650 0.0927456 0.380448 -0.287702
2700 0.0929086 0.380842 -0.287934
2750 0.0931131 0.381303 -0.28819
2800 0.0933689 0.381846 -0.288477
2850 0.0936853 0.382487 -0.288801
2900 0.0940692 0.383236 -0.289167
2950 0.0945233 0.384099 -0.289576
3000 0.0950448 0.38507 -0.290025
3050 0.0956235 0.386131 -0.290508
3100 0.0962406 0.387252 -0.291011
3150 0.0968695 0.38839 -0.29152
3200 0.0974788 0.389494 -0.292015
3250 0.0980396 0.390517 -0.292477
3300 0.0985284 0.391419 -0.292891
3350 0.098932 0.392179 -0.293247
3400 0.0992472 0.392792 -0.293545
3450 0.0994787 0.393266 -0.293787
3500 0.0996355 0.393613 -0.293978
3550 0.0997282 0.393854 -0.294126
3600 0.0997681 0.394004 -0.294236
3650 0.0997652 0.394083 -0.294317
3700 0.0997298 0.394105 -0.294375
3750 0.0996727 0.39409 -0.294417
3800 0.0996082 0.394062 -0.294454
3850 0.0995555 0.394053 -0.294497
3900 0.0995365 0.394097 -0.294561
3950 0.0995717 0.394229 -0.294657
4000 0.0996759 0.394471 -0.294795
4050 0.0998554 0.394836 -0.29498
4100 0.100108 0.395319 -0.295211
4150 0.100425 0.395905 -0.29548
4200 0.100791 0.396571 -0.295781
4250 0.101188 0.397289 -0.2961
4300 0.101597 0.398024 -0.296426
4350 0.101996 0.398741 -0.296745
4400 0.102365 0.399408 -0.297043
4450 0.102688 0.399999 -0.297311
4500 0.102957 0.400502 -0.297545
4550 0.103173 0.400916 -0.297743
4600 0.103341 0.401252 -0.29791
4650 0.103471 0.401522 -0.298051
4700 0.103573 0.401744 -0.298171
4750 0.103657 0.401935 -0.298278
4800 0.103733 0.402111 -0.298378
4850 0.10381 0.402284 -0.298474
4900 0.103891 0.402462 -0.298571
4950 0.103978 0.402649 -0.29867
5000 0.104072 0.402844 -0.298771
5050 0.104169 0.403043 -0.298874
5100 0.104265 0.40324 -0.298975
5150 0.104358 0.403431 -0.299073
5200 0.104447 0.403613 -0.299167
5250 0.104535 0.403794 -0.299259
5300 0.104628 0.403983 -0.299354
5350 0.104736 0.404191 -0.299455
5400 0.104861 0.404426 -0.299565
5450 0.105001 0.404683 -0.299681
5500 0.105148 0.404946 -0.299798
5550 0.105285 0.405191 -0.299906
5600 0.105397 0.405392 -0.299994
5650 0.105469 0.405524 -0.300055
5700 0.10549 0.405571 -0.300081
5750 0.105457 0.40553 -0.300073
5800 0.105374 0.405405 -0.300031
5850 0.105248 0.405208 -0.29996
5900 0.10509 0.404956 -0.299867
5950 0.10491 0.404667 -0.299757
6000 0.104719 0.404358 -0.299639
6050 0.104529 0.404048 -0.299519
6100 0.104348 0.403752 -0.299404
6150 0.104184 0.403483 -0.299299
6200 0.104045 0.403254 -0.299209
6250 0.103938 0.403078 -0.29914
6300 0.103869 0.402964 -0.299095
6350 0.103843 0.402921 -0.299079
6400 0.103862 0.402952 -0.299091
6450 0.103922 0.403052 -0.29913
6500 0.104017 0.403209 -0.299192
6550 0.104135 0.403403 -0.299268
6600 0.104262 0.403612 -0.29935
6650 0.104383 0.403814 -0.299431
6700 0.10449 0.403994 -0.299504
6750 0.104576 0.404141 -0.299565
6800 0.104642 0.404255 -0.299613
6850 0.104691 0.404343 -0.299652
6900 0.104734 0.404419 -0.299685
6950 0.104777 0.404494 -0.299717
7000 0.104828 0.404579 -0.299751
7050 0.104886 0.404675 -0.299788
7100 0.104951 0.404777 -0.299827
7150 0.105015 0.404879 -0.299863
7200 0.105074 0.404968 -0.299894
7250 0.105122 0.405038 -0.299915
7300 0.105155 0.405081 -0.299925
7350 0.105172 0.405095 -0.299923
7400 0.105174 0.405081 -0.299907
7450 0.105162 0.405043 -0.299881
7500 0.10514 0.404984 -0.299844
7550 0.105111 0.40491 -0.299798
7600 0.105078 0.404823 -0.299746
7650 0.10504 0.404725 -0.299686
7700 0.104995 0.404611 -0.299616
7750 0.104937 0.404471 -0.299534
7800 0.104854 0.404287 -0.299433
7850 0.104732 0.404034 -0.299302
7900 0.104556 0.40369 -0.299134
7950 0.104314 0.403235 -0.298921
8000 0.103998 0.402657 -0.298659
8050 0.10361 0.401961 -0.298351
8100 0.103163 0.401166 -0.298004
8150 0.102672 0.400301 -0.297629
8200 0.10216 0.3994 -0.29724
8250 0.101647 0.398498 -0.29685
8300 0.101153 0.397625 -0.296472
8350 0.100693 0.396809 -0.296116
8400 0.100282 0.396072 -0.29579
8450 0.0999301 0.395434 -0.295503
8500 0.0996451 0.394905 -0.29526
8550 0.0994298 0.394493 -0.295063
8600 0.0992827 0.394193 -0.29491
8650 0.0991978 0.393997 -0.294799
8700 0.0991662 0.393889 -0.294723
8750 0.099177 0.393853 -0.294676
8800 0.0992182 0.393869 -0.29465
8850 0.0992775 0.393914 -0.294637
8900 0.0993421 0.39397 -0.294628
8950 0.099402 0.394019 -0.294617
9000 0.0994486 0.394047 -0.294598
9050 0.0994756 0.394042 -0.294566
9100 0.0994777 0.393995 -0.294517
9150 0.0994497 0.393898 -0.294448
9200 0.0993869 0.393742 -0.294356
9250 0.0992861 0.393523 -0.294237
9300 0.099146 0.393237 -0.294091
9350 0.0989655 0.392884 -0.293919
9400 0.0987453 0.392465 -0.29372
9450 0.0984858 0.391981 -0.293495
9500 0.0981894 0.391435 -0.293246
9550 0.0978615 0.390838 -0.292977
9600 0.0975119 0.390205 -0.292693
9650 0.0971534 0.389556 -0.292403
9700 0.0968009 0.388918 -0.292117
9750 0.0964695 0.388313 -0.291843
9800 0.0961707 0.38776 -0.291589
9850 0.0959118 0.387273 -0.291361
9900 0.0956967 0.386856 -0.291159
9950 0.0955247 0.386509 -0.290985
10000 0.0953918 0.386226 -0.290834
10050 0.0952902 0.385994 -0.290704
10100 0.0952107 0.385798 -0.290587
10150 0.0951414 0.385618 -0.290477
10200 0.0950706 0.385437 -0.290366
10250 0.094987 0.385235 -0.290248
10300 0.0948822 0.384999 -0.290117
10350 0.0947502 0.384718 -0.289968
10400 0.0945887 0.384391 -0.289802
10450 0.0943998 0.384019 -0.289619
10500 0.0941899 0.383612 -0.289422
10550 0.0939674 0.383185 -0.289218
10600 0.0937408 0.382751 -0.28901
10650 0.0935152 0.382318 -0.288802
10700 0.0932893 0.381884 -0.288594
10750 0.0930574 0.38144 -0.288383
10800 0.092811 0.380973 -0.288162
10850 0.092543 0.380473 -0.28793
10900 0.0922513 0.379935 -0.287684
10950 0.0919407 0.379369 -0.287429
11000 0.0916206 0.378791 -0.28717
11050 0.0913042 0.37822 -0.286916
11100 0.0910039 0.377678 -0.286674
11150 0.0907292 0.377179 -0.28645
11200 0.090486 0.376735 -0.286249
11250 0.0902782 0.376351 -0.286072
11300 0.0901072 0.376029 -0.285922
11350 0.0899733 0.37577 -0.285796
11400 0.0898744 0.375571 -0.285696
11450 0.0898061 0.375425 -0.285619
11500 0.0897639 0.375325 -0.285561
11550 0.0897414 0.375261 -0.28552
11600 0.0897349 0.375226 -0.285491
11650 0.0897427 0.375217 -0.285474
11700 0.0897666 0.375235 -0.285469
11750 0.0898089 0.375286 -0.285477
11800 0.0898715 0.375371 -0.285499
11850 0.0899528 0.375487 -0.285534
11900 0.0900487 0.375628 -0.28558
11950 0.0901527 0.375783 -0.28563
12000 0.0902584 0.37594 -0.285682
12050 0.0903606 0.376091 -0.28573
12100 0.0904551 0.376229 -0.285773
12150 0.0905385 0.376347 -0.285808
12200 0.090607 0.37644 -0.285833
12250 0.0906557 0.376499 -0.285843
12300 0.0906789 0.376515 -0.285836
12350 0.0906704 0.376479 -0.285808
12400 0.0906249 0.37638 -0.285755
12450 0.090539 0.376213 -0.285674
12500 0.0904113 0.375976 -0.285565
12550 0.0902452 0.375676 -0.285431
12600 0.0900463 0.375321 -0.285274
12650 0.0898221 0.374923 -0.285101
12700 0.089579 0.374493 -0.284914
12750 0.0893236 0.374044 -0.28472
12800 0.0890628 0.373585 -0.284522
12850 0.0888043 0.37313 -0.284326
12900 0.0885574 0.372696 -0.284138
12950 0.0883325 0.372298 -0.283966
13000 0.0881405 0.371956 -0.283816
13050 0.0879901 0.371683 -0.283692
13100 0.087887 0.371487 -0.2836
13150 0.0878329 0.371373 -0.28354
13200 0.087826 0.371337 -0.283511
13250 0.0878616 0.371371 -0.28351
13300 0.0879319 0.371463 -0.283531
13350 0.0880273 0.371597 -0.28357
13400 0.0881366 0.371754 -0.283617
13450 0.0882462 0.371912 -0.283666
13500 0.0883416 0.372047 -0.283705
13550 0.0884082 0.372136 -0.283728
13600 0.0884329 0.372156 -0.283724
13650 0.0884061 0.372093 -0.283687
13700 0.0883236 0.371941 -0.283617
13750 0.0881876 0.371701 -0.283514
13800 0.0880061 0.371387 -0.283381
13850 0.0877894 0.371016 -0.283227
13900 0.0875494 0.370607 -0.283057
13950 0.0872967 0.370177 -0.28288
14000 0.0870412 0.369743 -0.282702
14050 0.0867922 0.36932 -0.282528
14100 0.086558 0.368923 -0.282365
14150 0.0863469 0.368564 -0.282218
14200 0.0861657 0.368257 -0.282091
14250 0.08602 0.368009 -0.281989
14300 0.0859152 0.367831 -0.281916
14350 0.0858548 0.367728 -0.281873
14400 0.0858416 0.367704 -0.281863
14450 0.0858769 0.367762 -0.281885
14500 0.0859603 0.3679 -0.281939
14550 0.0860882 0.368111 -0.282023
14600 0.086254 0.368387 -0.282133
14650 0.0864492 0.368712 -0.282263
14700 0.0866644 0.369071 -0.282407
14750 0.0868905 0.369449 -0.282559
14800 0.0871194 0.369832 -0.282713
14850 0.0873416 0.370204 -0.282862
14900 0.087546 0.370547 -0.283001
14950 0.0877196 0.37084 -0.283121
15000 0.0878484 0.371062 -0.283213
15050 0.0879212 0.371193 -0.283271
15100 0.0879316 0.371223 -0.283291
15150 0.0878804 0.371154 -0.283274
15200 0.0877774 0.371002 -0.283224
15250 0.0876389 0.370793 -0.283154
15300 0.0874869 0.370564 -0.283077
15350 0.0873455 0.370353 -0.283008
15400 0.0872349 0.370194 -0.282959
15450 0.0871714 0.370113 -0.282941
15500 0.087163 0.370122 -0.282959
15550 0.087209 0.37022 -0.283011
15600 0.0873023 0.370398 -0.283095
15650 0.0874326 0.370638 -0.283205
15700 0.0875879 0.370921 -0.283333
15750 0.0877577 0.37123 -0.283473
15800 0.0879348 0.371552 -0.283617
15850 0.0881127 0.371878 -0.283766
15900 0.0882904 0.372205 -0.283915
15950 0.0884687 0.372535 -0.284066
16000 0.0886512 0.372872 -0.284221
16050 0.0888417 0.373223 -0.284381
16100 0.0890446 0.373594 -0.284549
16150 0.0892621 0.373988 -0.284726
16200 0.0894934 0.374404 -0.28491
16250 0.0897338 0.374834 -0.2851
16300 0.0899758 0.375265 -0.285289
16350 0.0902093 0.375681 -0.285472
16400 0.0904252 0.376067 -0.285642
16450 0.0906177 0.376413 -0.285796
16500 0.0907839 0.376715 -0.285931
16550 0.0909235 0.376971 -0.286048
16600 0.091037 0.377184 -0.286147
16650 0.0911255 0.377354 -0.286228
16700 0.091189 0.37748 -0.286291
16750 0.0912271 0.377564 -0.286336
16800 0.0912387 0.377602 -0.286363
16850 0.0912247 0.377596 -0.286371
16900 0.0911867 0.37755 -0.286363
16950 0.0911283 0.377469 -0.28634
17000 0.0910555 0.377363 -0.286308
17050 0.0909747 0.377243 -0.286269
17100 0.0908931 0.377121 -0.286228
17150 0.0908172 0.377007 -0.28619
17200 0.0907523 0.37691 -0.286158
17250 0.0907027 0.376838 -0.286136
17300 0.0906716 0.376796 -0.286125
17350 0.0906595 0.376786 -0.286127
17400 0.0906667 0.376809 -0.286142
17450 0.0906927 0.376862 -0.28617
17500 0.0907354 0.376945 -0.286209
17550 0.090794 0.377054 -0.28626
17600 0.0908684 0.37719 -0.286322
17650 0.0909587 0.377353 -0.286394
17700 0.091065 0.377542 -0.286477
17750 0.0911862 0.377756 -0.28657
17800 0.0913206 0.377992 -0.286671
17850 0.0914638 0.378241 -0.286778
17900 0.0916093 0.378495 -0.286886
17950 0.0917485 0.378738 -0.28699
18000 0.0918728 0.378956 -0.287084
18050 0.0919738 0.379136 -0.287162
18100 0.0920444 0.379266 -0.287221
18150 0.0920806 0.379339 -0.287258
18200 0.092082 0.379355 -0.287273
18250 0.0920524 0.379321 -0.287268
18300 0.0919988 0.379246 -0.287247
18350 0.09193 0.379146 -0.287216
18400 0.0918552 0.379036 -0.287181
18450 0.0917832 0.37893 -0.287146
18500 0.0917218 0.37884 -0.287118
18550 0.0916772 0.378777 -0.287099
18600 0.091654 0.378748 -0.287094
18650 0.0916543 0.378758 -0.287103
18700 0.0916769 0.378804 -0.287127
18750 0.0917175 0.37888 -0.287162
18800 0.091771 0.378977 -0.287206
18850 0.0918314 0.379087 -0.287255
18900 0.0918942 0.379201 -0.287306
18950 0.0919572 0.379315 -0.287358
19000 0.0920204 0.379431 -0.287411
19050 0.0920848 0.37955 -0.287465
19100 0.0921508 0.379672 -0.287521
19150 0.0922181 0.379796 -0.287578
19200 0.0922867 0.379922 -0.287635
19250 0.092356 0.380051 -0.287695
19300 0.0924277 0.380183 -0.287755
19350 0.0925027 0.38032 -0.287817
19400 0.092582 0.380464 -0.287882
19450 0.0926658 0.380614 -0.287949
19500 0.0927525 0.380769 -0.288017
19550 0.0928385 0.380922 -0.288083
19600 0.0929181 0.381063 -0.288145
19650 0.0929847 0.381183 -0.288199
19700 0.0930318 0.381271 -0.288239
19750 0.0930539 0.381317 -0.288263
19800 0.0930468 0.381315 -0.288268
19850 0.0930082 0.381261 -0.288253
19900 0.0929392 0.381158 -0.288218
19950 0.0928446 0.381014 -0.288169
20000 0.0927344 0.380845 -0.288111
20050 0.0926217 0.380673 -0.288051
20100 0.0925209 0.38052 -0.287999
20150 0.0924457 0.380408 -0.287963
20200 0.0924071 0.380357 -0.28795
20250 0.0924129 0.380379 -0.287966
20300 0.0924667 0.380479 -0.288012
20350 0.0925667 0.380654 -0.288088
20400 0.0927063 0.380895 -0.288188
20450 0.0928739 0.381182 -0.288308
20500 0.093056 0.381493 -0.288437
20550 0.0932381 0.381805 -0.288567
20600 0.0934086 0.3821 -0.288691
20650 0.0935593 0.382363 -0.288803
20700 0.0936857 0.382586 -0.288901
20750 0.0937849 0.382766 -0.288981
20800 0.0938558 0.3829 -0.289044
20850 0.0938989 0.382988 -0.289089
20900 0.0939164 0.383034 -0.289118
20950 0.0939129 0.383047 -0.289134
21000 0.0938962 0.383037 -0.289141
21050 0.0938748 0.38302 -0.289145
21100 0.0938579 0.383009 -0.289151
21150 0.093853 0.383017 -0.289164
21200 0.0938644 0.383051 -0.289187
21250 0.0938934 0.383114 -0.28922
21300 0.0939387 0.383202 -0.289264
21350 0.0939962 0.383311 -0.289315
21400 0.0940626 0.383434 -0.289371
21450 0.0941345 0.383565 -0.289431
21500 0.0942082 0.3837 -0.289492
21550 0.0942823 0.383836 -0.289553
21600 0.0943553 0.383969 -0.289614
21650 0.0944271 0.3841 -0.289673
21700 0.0944979 0.38423 -0.289732
21750 0.0945695 0.384359 -0.28979
21800 0.0946425 0.384491 -0.289848
21850 0.0947159 0.384623 -0.289907
21900 0.0947864 0.38475 -0.289964
21950 0.0948514 0.384869 -0.290017
22000 0.0949081 0.384973 -0.290065
22050 0.0949553 0.385063 -0.290107
22100 0.0949933 0.385136 -0.290143
22150 0.0950227 0.385196 -0.290173
22200 0.0950454 0.385245 -0.290199
22250 0.0950652 0.385287 -0.290222
22300 0.0950856 0.38533 -0.290244
22350 0.0951094 0.385378 -0.290269
22400 0.0951392 0.385435 -0.290295
22450 0.0951748 0.3855 -0.290325
22500 0.0952142 0.385569 -0.290355
22550 0.0952532 0.385636 -0.290383
22600 0.0952873 0.385694 -0.290406
22650 0.095312 0.385734 -0.290422
22700 0.0953229 0.38575 -0.290428
22750 0.0953152 0.385734 -0.290419
22800 0.0952845 0.385679 -0.290394
22850 0.0952279 0.385581 -0.290353
22900 0.0951458 0.385439 -0.290293
22950 0.0950411 0.38526 -0.290219
23000 0.0949186 0.38505 -0.290132
23050 0.0947858 0.384824 -0.290038
23100 0.0946522 0.384595 -0.289943
23150 0.094528 0.38438 -0.289852
23200 0.0944223 0.384195 -0.289773
23250 0.0943408 0.384048 -0.289708
23300 0.0942839 0.38394 -0.289656
23350 0.0942458 0.383863 -0.289617
23400 0.0942184 0.383803 -0.289585
23450 0.0941937 0.383748 -0.289554
23500 0.0941647 0.383687 -0.289522
23550 0.0941273 0.383613 -0.289486
23600 0.0940802 0.383525 -0.289445
23650 0.0940239 0.383422 -0.289398
23700 0.0939607 0.383309 -0.289348
23750 0.0938943 0.383191 -0.289296
23800 0.0938284 0.383074 -0.289246
23850 0.0937662 0.382964 -0.289198
23900 0.0937087 0.382862 -0.289154
23950 0.0936546 0.382767 -0.289113
24000 0.0936024 0.382676 -0.289074
24050 0.093551 0.382588 -0.289037
24100 0.0935007 0.382503 -0.289002
24150 0.0934532 0.382424 -0.288971
24200 0.0934102 0.382354 -0.288944
24250 0.0933732 0.382295 -0.288922
24300 0.0933435 0.382249 -0.288905
24350 0.0933229 0.38222 -0.288897
24400 0.0933141 0.382212 -0.288898
24450 0.0933202 0.38223 -0.28891
24500 0.0933432 0.382277 -0.288934
24550 0.0933833 0.382353 -0.28897
24600 0.0934391 0.382456 -0.289017
24650 0.0935077 0.382582 -0.289074
24700 0.0935853 0.382724 -0.289139
24750 0.0936685 0.382878 -0.289209
24800 0.0937541 0.383037 -0.289283
24850 0.09384 0.383199 -0.289359
24900 0.0939252 0.383362 -0.289437
24950 0.0940115 0.383527 -0.289516
25000 0.094101 0.383699 -0.289598
25050 0.0941969 0.383883 -0.289686
25100 0.0943026 0.384083 -0.289781
25150 0.0944201 0.384305 -0.289884
25200 0.0945506 0.384548 -0.289997
25250 0.0946941 0.384813 -0.290119
25300 0.0948488 0.385097 -0.290248
25350 0.0950113 0.385395 -0.290383
25400 0.0951798 0.385703 -0.290523
25450 0.095354 0.38602 -0.290666
25500 0.0955366 0.386351 -0.290814
25550 0.0957293 0.386698 -0.290969
25600 0.0959318 0.387061 -0.291129
25650 0.0961393 0.387432 -0.291292
25700 0.0963434 0.387796 -0.291452
25750 0.0965349 0.388139 -0.291604
25800 0.0967076 0.388452 -0.291745
25850 0.0968597 0.388731 -0.291871
25900 0.0969931 0.388978 -0.291985
25950 0.0971115 0.389199 -0.292088
26000 0.0972187 0.3894 -0.292181
26050 0.0973164 0.389583 -0.292267
26100 0.097403 0.389745 -0.292342
26150 0.0974742 0.389879 -0.292405
26200 0.0975247 0.389977 -0.292453
26250 0.0975513 0.390035 -0.292483
26300 0.0975531 0.390049 -0.292496
26350 0.0975319 0.390024 -0.292492
26400 0.0974903 0.389964 -0.292473
26450 0.097432 0.389873 -0.292441
26500 0.0973594 0.389756 -0.292397
26550 0.097274 0.389617 -0.292343
26600 0.0971768 0.389457 -0.292281
26650 0.09707 0.389281 -0.292211
26700 0.0969581 0.389096 -0.292138
26750 0.096847 0.388912 -0.292065
26800 0.0967442 0.38874 -0.291996
26850 0.0966572 0.388595 -0.291938
26900 0.0965943 0.388489 -0.291894
26950 0.0965621 0.388432 -0.29187
27000 0.0965641 0.38843 -0.291866
27050 0.0965984 0.388482 -0.291883
27100 0.0966589 0.388577 -0.291918
27150 0.0967383 0.388703 -0.291964
27200 0.0968297 0.388848 -0.292019
27250 0.096927 0.389003 -0.292076
27300 0.0970252 0.389159 -0.292134
27350 0.0971184 0.389307 -0.292188
27400 0.0971998 0.389433 -0.292234
27450 0.0972612 0.389526 -0.292264
27500 0.0972939 0.38957 -0.292276
27550 0.0972925 0.389558 -0.292266
27600 0.0972555 0.389487 -0.292231
27650 0.0971851 0.389359 -0.292174
27700 0.0970863 0.389184 -0.292097
27750 0.0969657 0.388971 -0.292005
27800 0.0968287 0.38873 -0.291901
27850 0.096681 0.388469 -0.291788
27900 0.0965248 0.388193 -0.291668
27950 0.096361 0.387903 -0.291542
28000 0.0961897 0.387601 -0.291411
28050 0.0960118 0.387287 -0.291275
28100 0.0958302 0.386967 -0.291136
28150 0.0956505 0.38665 -0.291
28200 0.0954808 0.386351 -0.29087
28250 0.0953284 0.38608 -0.290751
28300 0.0951982 0.385846 -0.290648
28350 0.0950931 0.385654 -0.290561
28400 0.0950126 0.385503 -0.29049
28450 0.0949561 0.385391 -0.290435
28500 0.0949228 0.385319 -0.290396
28550 0.0949138 0.385287 -0.290374
28600 0.0949298 0.385297 -0.290368
28650 0.0949712 0.385349 -0.290377
28700 0.0950353 0.385436 -0.290401
28750 0.0951159 0.385551 -0.290435
28800 0.0952036 0.385676 -0.290472
28850 0.0952854 0.385791 -0.290506
28900 0.0953485 0.385876 -0.290527
28950 0.0953811 0.38591 -0.290529
29000 0.095375 0.38588 -0.290505
29050 0.0953264 0.38578 -0.290454
29100 0.0952342 0.385608 -0.290374
29150 0.0950997 0.385367 -0.290268
29200 0.094926 0.385062 -0.290136
29250 0.0947206 0.384705 -0.289985
29300 0.0944945 0.384314 -0.28982
29350 0.0942602 0.383909 -0.289649
29400 0.0940289 0.38351 -0.289481
29450 0.093809 0.383129 -0.28932
29500 0.0936056 0.382776 -0.28917
29550 0.093421 0.382455 -0.289034
29600 0.0932573 0.382171 -0.288914
29650 0.0931173 0.381929 -0.288812
29700 0.0930058 0.381737 -0.288731
29750 0.0929298 0.381605 -0.288675
29800 0.0928983 0.381548 -0.28865
29850 0.0929196 0.38158 -0.288661
29900 0.0929993 0.38171 -0.288711
29950 0.0931387 0.381938 -0.2888
30000 0.0933331 0.382257 -0.288924
30050 0.0935731 0.382651 -0.289078
30100 0.0938453 0.383099 -0.289254
30150 0.0941356 0.383577 -0.289442
30200 0.0944305 0.384063 -0.289632
30250 0.0947185 0.384537 -0.289818
30300 0.094989 0.384981 -0.289992
30350 0.0952331 0.385379 -0.290146
30400 0.0954415 0.385716 -0.290274
30450 0.0956048 0.385975 -0.290371
30500 0.0957126 0.386141 -0.290428
30550 0.0957546 0.386196 -0.290441
30600 0.0957228 0.386127 -0.290404
30650 0.0956135 0.385928 -0.290315
30700 0.095429 0.385603 -0.290174
30750 0.0951747 0.385162 -0.289987
30800 0.0948603 0.38462 -0.289759
30850 0.0944962 0.383994 -0.289498
30900 0.0940953 0.383308 -0.289212
30950 0.0936729 0.382585 -0.288912
31000 0.0932475 0.381857 -0.28861
31050 0.0928393 0.381158 -0.288319
31100 0.0924682 0.38052 -0.288052
31150 0.0921515 0.379971 -0.287819
31200 0.0919001 0.37953 -0.28763
31250 0.0917186 0.379204 -0.287486
31300 0.0916049 0.37899 -0.287385
31350 0.0915511 0.378875 -0.287324
31400 0.0915473 0.378844 -0.287297
31450 0.0915818 0.378878 -0.287296
31500 0.0916424 0.378957 -0.287315
31550 0.091718 0.379064 -0.287347
31600 0.0917999 0.379185 -0.287385
31650 0.091883 0.379309 -0.287426
31700 0.091965 0.379433 -0.287468
31750 0.0920451 0.379556 -0.28751
31800 0.0921224 0.379674 -0.287552
31850 0.092196 0.379787 -0.287591
31900 0.0922645 0.379892 -0.287627
31950 0.0923265 0.379986 -0.287659
32000 0.0923806 0.380068 -0.287687
32050 0.0924247 0.380133 -0.287709
32100 0.0924562 0.380178 -0.287722
32150 0.0924704 0.380193 -0.287723
32200 0.0924629 0.380174 -0.287711
32250 0.0924321 0.380117 -0.287685
32300 0.0923804 0.380026 -0.287645
32350 0.0923138 0.37991 -0.287596
32400 0.0922402 0.379783 -0.287543
32450 0.092166 0.379654 -0.287488
32500 0.0920962 0.379532 -0.287436
32550 0.0920313 0.379418 -0.287387
32600 0.0919693 0.379308 -0.287339
32650 0.0919061 0.379197 -0.287291
32700 0.0918379 0.379077 -0.287239
32750 0.0917626 0.378947 -0.287184
32800 0.0916835 0.378811 -0.287127
32850 0.0916074 0.37868 -0.287072
32900 0.091542 0.378566 -0.287024
32950 0.0914922 0.378479 -0.286987
33000 0.0914595 0.378419 -0.28696
33050 0.091441 0.378383 -0.286942
33100 0.0914326 0.378363 -0.286931
33150 0.0914304 0.378354 -0.286924
33200 0.0914317 0.378351 -0.28692
33250 0.091433 0.37835 -0.286917
33300 0.0914329 0.378346 -0.286913
33350 0.0914297 0.378339 -0.286909
33400 0.0914233 0.378326 -0.286903
33450 0.0914143 0.37831 -0.286896
33500 0.0914048 0.378294 -0.28689
33550 0.0913979 0.378284 -0.286886
33600 0.0913974 0.378284 -0.286887
33650 0.0914064 0.378301 -0.286894
33700 0.0914271 0.378337 -0.28691
33750 0.0914603 0.378396 -0.286935
33800 0.0915052 0.378474 -0.286969
33850 0.0915597 0.378568 -0.287009
33900 0.0916209 0.378675 -0.287054
33950 0.0916871 0.378791 -0.287104
34000 0.0917571 0.378915 -0.287158
34050 0.0918312 0.379046 -0.287215
34100 0.0919101 0.379186 -0.287276
34150 0.0919941 0.379335 -0.287341
34200 0.0920851 0.379497 -0.287412
34250 0.0921849 0.379673 -0.287488
34300 0.092294 0.379864 -0.28757
34350 0.0924123 0.38007 -0.287657
34400 0.0925366 0.380284 -0.287747
34450 0.0926609 0.380497 -0.287836
34500 0.0927763 0.380695 -0.287919
34550 0.0928748 0.380865 -0.28799
34600 0.0929503 0.380994 -0.288044
34650 0.0929983 0.381078 -0.28808
34700 0.0930187 0.381116 -0.288097
34750 0.0930132 0.381109 -0.288095
34800 0.0929842 0.381061 -0.288077
34850 0.0929339 0.380978 -0.288044
34900 0.0928653 0.380862 -0.287997
34950 0.09278 0.380718 -0.287938
35000 0.0926813 0.38055 -0.287868
35050 0.0925719 0.380363 -0.287791
35100 0.0924567 0.380166 -0.287709
35150 0.0923415 0.379968 -0.287627
35200 0.0922331 0.37978 -0.287547
35250 0.0921366 0.379612 -0.287476
35300 0.0920569 0.379471 -0.287414
35350 0.0919956 0.37936 -0.287364
35400 0.0919522 0.379278 -0.287326
35450 0.0919237 0.379221 -0.287297
35500 0.0919066 0.379182 -0.287276
35550 0.0918969 0.379157 -0.28726
35600 0.0918921 0.379139 -0.287247
35650 0.0918884 0.379124 -0.287235
35700 0.0918814 0.379103 -0.287222
35750 0.0918669 0.379071 -0.287204
35800 0.0918407 0.37902 -0.287179
35850 0.0918006 0.378947 -0.287146
35900 0.0917488 0.378855 -0.287106
35950 0.0916915 0.378754 -0.287063
36000 0.0916369 0.378658 -0.287021
36050 0.0915921 0.378576 -0.286984
36100 0.0915598 0.378515 -0.286955
36150 0.0915375 0.378469 -0.286932
36200 0.0915186 0.378429 -0.28691
36250 0.0914947 0.378381 -0.286886
36300 0.0914609 0.378316 -0.286855
36350 0.0914141 0.378231 -0.286817
36400 0.0913572 0.37813 -0.286772
36450 0.0912957 0.378022 -0.286726
36500 0.0912365 0.377918 -0.286682
36550 0.0911861 0.377828 -0.286642
36600 0.0911467 0.377756 -0.286609
36650 0.091118 0.377701 -0.286583
36700 0.0910966 0.377658 -0.286561
36750 0.0910779 0.37762 -0.286542
36800 0.0910569 0.377578 -0.286522
36850 0.0910299 0.377527 -0.286498
36900 0.0909936 0.377463 -0.286469
36950 0.0909483 0.377384 -0.286436
37000 0.0908955 0.377294 -0.286398
37050 0.0908381 0.377199 -0.286361
37100 0.0907826 0.377109 -0.286326
37150 0.0907352 0.377033 -0.286298
37200 0.0907022 0.376981 -0.286279
37250 0.0906868 0.376959 -0.286273
37300 0.0906892 0.376968 -0.286279
37350 0.0907074 0.377004 -0.286297
37400 0.0907375 0.377061 -0.286324
37450 0.0907754 0.377133 -0.286357
37500 0.0908187 0.377215 -0.286396
37550 0.0908678 0.377308 -0.28644
37600 0.0909247 0.377416 -0.286492
37650 0.0909953 0.377549 -0.286554
37700 0.0910871 0.377717 -0.28663
37750 0.0912063 0.377932 -0.286725
37800 0.091358 0.378199 -0.286841
37850 0.0915428 0.37852 -0.286977
37900 0.0917563 0.378887 -0.287131
37950 0.0919892 0.379285 -0.287296
38000 0.0922284 0.379692 -0.287464
38050 0.0924596 0.380085 -0.287625
38100 0.0926687 0.380441 -0.287773
38150 0.0928443 0.380742 -0.287898
38200 0.0929775 0.380973 -0.287995
38250 0.0930633 0.381124 -0.288061
38300 0.0930992 0.381192 -0.288093
38350 0.0930854 0.381178 -0.288093
38400 0.0930251 0.381088 -0.288063
38450 0.092926 0.380932 -0.288006
38500 0.0927988 0.380729 -0.28793
38550 0.0926566 0.3805 -0.287844
38600 0.092513 0.380267 -0.287754
38650 0.0923796 0.380049 -0.287669
38700 0.0922632 0.379856 -0.287593
38750 0.0921659 0.379693 -0.287527
38800 0.0920841 0.379555 -0.287471
38850 0.0920116 0.379432 -0.287421
38900 0.0919407 0.379313 -0.287372
38950 0.0918659 0.379187 -0.287321
39000 0.0917838 0.379051 -0.287267
39050 0.0916945 0.378905 -0.28721
39100 0.0916001 0.378752 -0.287152
39150 0.0915053 0.3786 -0.287095
39200 0.0914177 0.378463 -0.287045
39250 0.0913493 0.378358 -0.287009
39300 0.0913124 0.378306 -0.286994
39350 0.0913185 0.378325 -0.287007
39400 0.0913734 0.378425 -0.287051
39450 0.0914769 0.378604 -0.287127
39500 0.0916215 0.378852 -0.28723
39550 0.0917969 0.379151 -0.287354
39600 0.0919905 0.379482 -0.287491
39650 0.0921901 0.379825 -0.287635
39700 0.0923846 0.380161 -0.287776
39750 0.0925635 0.380473 -0.28791
39800 0.0927183 0.380748 -0.288029
39850 0.0928443 0.380976 -0.288132
39900 0.0929402 0.381157 -0.288217
39950 0.0930113 0.381298 -0.288286
40000 0.0930666 0.381413 -0.288347
40050 0.0931183 0.381522 -0.288404
40100 0.0931793 0.381645 -0.288466
40150 0.0932592 0.381798 -0.288538
40200 0.0933636 0.381988 -0.288624
40250 0.0934918 0.382214 -0.288722
40300 0.093637 0.382466 -0.288829
40350 0.0937882 0.382725 -0.288937
40400 0.0939325 0.382971 -0.289038
40450 0.0940591 0.383186 -0.289127
40500 0.0941602 0.383359 -0.289199
40550 0.0942308 0.38348 -0.289249
40600 0.0942681 0.383546 -0.289278
40650 0.0942702 0.383552 -0.289282
40700 0.0942358 0.383498 -0.289262
40750 0.0941642 0.383381 -0.289217
40800 0.0940575 0.383207 -0.289149
40850 0.0939199 0.38298 -0.289061
40900 0.0937573 0.382713 -0.288956
40950 0.0935769 0.382417 -0.28884
41000 0.0933881 0.382108 -0.28872
41050 0.0932018 0.381804 -0.288602
41100 0.0930316 0.381528 -0.288496
41150 0.0928917 0.381302 -0.28841
41200 0.0927947 0.381147 -0.288353
41250 0.0927504 0.38108 -0.28833
41300 0.0927636 0.381108 -0.288345
41350 0.0928327 0.381229 -0.288396
41400 0.0929503 0.38143 -0.28848
41450 0.0931048 0.381693 -0.288588
41500 0.093282 0.381994 -0.288712
41550 0.0934689 0.382312 -0.288843
41600 0.0936558 0.382631 -0.288975
41650 0.0938384 0.382945 -0.289106
41700 0.0940162 0.383251 -0.289235
41750 0.0941906 0.38355 -0.28936
41800 0.094361 0.383842 -0.289481
41850 0.0945223 0.384117 -0.289595
41900 0.0946652 0.384359 -0.289694
41950 0.0947762 0.384547 -0.289771
42000 0.0948431 0.384661 -0.289818
42050 0.0948578 0.384687 -0.289829
42100 0.0948186 0.384624 -0.289805
42150 0.0947311 0.384481 -0.289749
42200 0.0946041 0.384271 -0.289667
42250 0.0944487 0.384015 -0.289566
42300 0.094276 0.383729 -0.289453
42350 0.094098 0.383433 -0.289335
42400 0.0939269 0.383147 -0.28922
42450 0.0937739 0.382889 -0.289115
42500 0.0936493 0.382676 -0.289027
42550 0.0935593 0.38252 -0.28896
42600 0.093504 0.382419 -0.288915
42650 0.0934773 0.382365 -0.288888
42700 0.0934708 0.382344 -0.288874
42750 0.0934741 0.382341 -0.288867
42800 0.0934811 0.382346 -0.288865
42850 0.0934899 0.382354 -0.288864
42900 0.0935029 0.382371 -0.288868
42950 0.0935258 0.382402 -0.288876
43000 0.0935601 0.382452 -0.288892
43050 0.0936044 0.382518 -0.288913
43100 0.0936516 0.382588 -0.288937
43150 0.0936906 0.382646 -0.288955
43200 0.0937103 0.382672 -0.288961
43250 0.0937034 0.382655 -0.288951
43300 0.0936681 0.382593 -0.288925
43350 0.0936097 0.382495 -0.288885
43400 0.0935377 0.382375 -0.288837
43450 0.0934624 0.382251 -0.288788
43500 0.0933944 0.382139 -0.288745
43550 0.0933417 0.382052 -0.28871
43600 0.0933091 0.381997 -0.288687
43650 0.0932978 0.381976 -0.288678
43700 0.0933072 0.381988 -0.288681
43750 0.0933343 0.382029 -0.288694
43800 0.0933726 0.382087 -0.288715
43850 0.0934141 0.382151 -0.288737
43900 0.0934508 0.382208 -0.288757
43950 0.0934764 0.382248 -0.288771
44000 0.0934893 0.382268 -0.288779
44050 0.0934927 0.382274 -0.288781
44100 0.0934929 0.382274 -0.288781
44150 0.0934955 0.382278 -0.288783
44200 0.0935042 0.382292 -0.288788
44250 0.0935192 0.382316 -0.288797
44300 0.093538 0.382346 -0.288808
44350 0.0935567 0.382377 -0.28882
44400 0.0935719 0.382402 -0.28883
44450 0.0935814 0.382418 -0.288837
44500 0.0935849 0.382424 -0.28884
44550 0.0935828 0.382421 -0.288839
44600 0.093576 0.38241 -0.288834
44650 0.0935657 0.382393 -0.288827
44700 0.0935524 0.38237 -0.288818
44750 0.0935363 0.382343 -0.288807
44800 0.0935176 0.382311 -0.288794
44850 0.0934962 0.382274 -0.288778
44900 0.093472 0.382232 -0.28876
44950 0.0934452 0.382184 -0.288739
45000 0.093416 0.382132 -0.288716
45050 0.0933841 0.382075 -0.288691
45100 0.0933488 0.38201 -0.288661
45150 0.0933081 0.381937 -0.288629
45200 0.0932619 0.381854 -0.288592
45250 0.0932106 0.381762 -0.288552
45300 0.0931568 0.381666 -0.288509
45350 0.0931018 0.381569 -0.288467
45400 0.093048 0.381472 -0.288424
45450 0.0929945 0.381377 -0.288383
45500 0.092939 0.381279 -0.28834
45550 0.0928791 0.381174 -0.288295
45600 0.0928136 0.381061 -0.288247
45650 0.0927454 0.380945 -0.2882
45700 0.0926805 0.380836 -0.288155
45750 0.0926251 0.380743 -0.288118
45800 0.0925832 0.380674 -0.288091
45850 0.0925549 0.380628 -0.288073
45900 0.0925359 0.380599 -0.288063
45950 0.0925224 0.380581 -0.288059
46000 0.0925121 0.380571 -0.288059
46050 0.0925075 0.380573 -0.288065
46100 0.092514 0.380594 -0.28808
46150 0.0925378 0.380646 -0.288108
46200 0.0925855 0.380738 -0.288152
46250 0.0926622 0.380877 -0.288215
46300 0.0927701 0.38107 -0.2883
46350 0.0929099 0.381314 -0.288404
46400 0.0930786 0.381606 -0.288527
46450 0.0932703 0.381936 -0.288665
46500 0.0934761 0.382289 -0.288813
46550 0.0936856 0.382648 -0.288962
46600 0.0938861 0.382992 -0.289106
46650 0.0940654 0.383303 -0.289237
46700 0.0942147 0.383564 -0.289349
46750 0.0943285 0.383767 -0.289439
46800 0.0944075 0.383913 -0.289505
46850 0.0944561 0.384008 -0.289552
46900 0.0944809 0.384063 -0.289582
46950 0.0944897 0.38409 -0.289601
47000 0.094488 0.384099 -0.289611
47050 0.0944781 0.384092 -0.289614
47100 0.0944592 0.38407 -0.28961
47150 0.0944282 0.384027 -0.289599
47200 0.0943826 0.38396 -0.289577
47250 0.0943218 0.383868 -0.289546
47300 0.0942492 0.383756 -0.289507
47350 0.0941705 0.383634 -0.289463
47400 0.0940925 0.383513 -0.28942
47450 0.0940219 0.383404 -0.289382
47500 0.0939644 0.383315 -0.289351
47550 0.0939236 0.383254 -0.289331
47600 0.0939012 0.383223 -0.289322
47650 0.0938975 0.383222 -0.289325
47700 0.0939094 0.383247 -0.289338
47750 0.0939326 0.383291 -0.289359
47800 0.0939604 0.383344 -0.289384
47850 0.0939868 0.383396 -0.289409
47900 0.0940073 0.38344 -0.289433
47950 0.0940212 0.383475 -0.289454
48000 0.0940309 0.383506 -0.289475
48050 0.094042 0.383541 -0.289499
48100 0.094061 0.383589 -0.289528
48150 0.0940952 0.383664 -0.289569
48200 0.0941527 0.383778 -0.289625
48250 0.0942409 0.383942 -0.289701
48300 0.0943635 0.384163 -0.2898
48350 0.0945196 0.384439 -0.289919
48400 0.0947036 0.384761 -0.290057
48450 0.0949072 0.385114 -0.290207
48500 0.0951217 0.385485 -0.290363
48550 0.09534 0.385861 -0.290521
48600 0.0955572 0.386235 -0.290678
48650 0.0957696 0.386601 -0.290831
48700 0.095974 0.386951 -0.290977
48750 0.0961652 0.387279 -0.291114
48800 0.0963366 0.387572 -0.291235
48850 0.0964777 0.387814 -0.291336
48900 0.0965776 0.387985 -0.291408
48950 0.0966259 0.388071 -0.291445
49000 0.0966163 0.38806 -0.291444
49050 0.0965484 0.387952 -0.291404
49100 0.0964265 0.387756 -0.291329
49150 0.0962615 0.387487 -0.291226
49200 0.0960656 0.387168 -0.291102
49250 0.095853 0.386819 -0.290966
49300 0.0956368 0.386464 -0.290828
49350 0.0954301 0.386124 -0.290693
49400 0.0952453 0.385818 -0.290573
49450 0.0950945 0.385568 -0.290474
49500 0.0949868 0.385388 -0.290401
49550 0.0949268 0.385286 -0.290359
49600 0.0949136 0.385259 -0.290346
49650 0.0949419 0.385301 -0.290359
49700 0.0950039 0.385399 -0.290395
49750 0.0950915 0.385539 -0.290447
49800 0.0951965 0.385708 -0.290511
49850 0.0953108 0.385893 -0.290583
49900 0.0954266 0.386081 -0.290655
49950 0.0955347 0.386257 -0.290722
50000 0.0956268 0.386406 -0.290779
