50 0.0534921 0.308488 -0.254996
100 0.0538155 0.309054 -0.255238
150 0.0543541 0.309996 -0.255642
200 0.0551066 0.311311 -0.256204
250 0.0560698 0.312993 -0.256923
300 0.0572372 0.315029 -0.257792
350 0.0585972 0.317399 -0.258802
400 0.0601312 0.320071 -0.25994
450 0.0618115 0.322997 -0.261185
500 0.0636007 0.326115 -0.262514
550 0.0654519 0.329346 -0.263894
600 0.0673116 0.332601 -0.265289
650 0.0691245 0.335789 -0.266664
700 0.0708399 0.338826 -0.267986
750 0.0724174 0.341644 -0.269227
800 0.0738307 0.344199 -0.270368
850 0.0750679 0.34647 -0.271402
900 0.0761301 0.348456 -0.272326
950 0.0770282 0.350174 -0.273146
1000 0.0777799 0.351651 -0.273872
1050 0.078408 0.352924 -0.274516
1100 0.0789384 0.354034 -0.275095
1150 0.0793988 0.355024 -0.275626
1200 0.0798168 0.355941 -0.276124
1250 0.0802176 0.356823 -0.276605
1300 0.0806223 0.357706 -0.277084
1350 0.0810467 0.358615 -0.277569
1400 0.0815009 0.359568 -0.278067
1450 0.0819903 0.360573 -0.278583
1500 0.0825158 0.361632 -0.279117
1550 0.0830753 0.362743 -0.279668
1600 0.0836632 0.363895 -0.280232
1650 0.0842714 0.365077 -0.280806
1700 0.0848892 0.36627 -0.281381
1750 0.0855042 0.367455 -0.281951
1800 0.0861028 0.368609 -0.282506
1850 0.0866717 0.369711 -0.283039
1900 0.0871992 0.370741 -0.283542
1950 0.0876762 0.371687 -0.28401
2000 0.0880975 0.372538 -0.284441
2050 0.0884625 0.373295 -0.284833
2100 0.0887759 0.373965 -0.285189
2150 0.0890468 0.374563 -0.285516
2200 0.0892875 0.375109 -0.285822
2250 0.0895108 0.375624 -0.286113
2300 0.0897281 0.376126 -0.286398
2350 0.0899484 0.376631 -0.286683
2400 0.0901787 0.37715 -0.286971
2450 0.0904246 0.377693 -0.287268
2500 0.0906912 0.378267 -0.287576
2550 0.090983 0.378882 -0.287899
2600 0.0913032 0.379541 -0.288237
2650 0.0916534 0.380247 -0.288593
2700 0.0920329 0.380999 -0.288966
2750 0.0924379 0.38179 -0.289352
2800 0.0928617 0.38261 -0.289748
2850 0.0932944 0.383442 -0.290147
2900 0.0937243 0.384266 -0.290542
2950 0.0941391 0.385064 -0.290925
3000 0.0945278 0.385816 -0.291288
3050 0.0948815 0.386508 -0.291626
3100 0.0951942 0.387129 -0.291935
3150 0.0954624 0.387675 -0.292213
3200 0.095685 0.388143 -0.292458
3250 0.0958622 0.388534 -0.292672
3300 0.0959958 0.388851 -0.292855
3350 0.0960889 0.389098 -0.29301
3400 0.0961463 0.389286 -0.293139
3450 0.0961756 0.389425 -0.293249
3500 0.0961873 0.389534 -0.293346
3550 0.0961948 0.389634 -0.293439
3600 0.0962132 0.38975 -0.293537
3650 0.0962572 0.389907 -0.29365
3700 0.0963383 0.390123 -0.293784
3750 0.0964628 0.390407 -0.293945
3800 0.0966308 0.390762 -0.294131
3850 0.0968369 0.391178 -0.294341
3900 0.0970722 0.391641 -0.294569
3950 0.097326 0.392135 -0.294809
4000 0.0975883 0.392642 -0.295054
4050 0.0978506 0.393149 -0.295299
4100 0.0981066 0.393646 -0.29554
4150 0.0983517 0.394125 -0.295773
4200 0.0985828 0.39458 -0.295997
4250 0.0987982 0.395008 -0.29621
4300 0.0989972 0.395409 -0.296412
4350 0.0991804 0.395782 -0.296601
4400 0.0993498 0.39613 -0.296781
4450 0.0995082 0.396459 -0.296951
4500 0.0996593 0.396774 -0.297115
4550 0.0998071 0.397081 -0.297274
4600 0.0999546 0.397385 -0.29743
4650 0.100103 0.397687 -0.297584
4700 0.100252 0.397988 -0.297736
4750 0.100398 0.398282 -0.297884
4800 0.100536 0.398562 -0.298025
4850 0.100663 0.39882 -0.298157
4900 0.100776 0.399054 -0.298278
4950 0.100874 0.399262 -0.298388
5000 0.100961 0.399449 -0.298488
5050 0.101041 0.399623 -0.298582
5100 0.101118 0.399789 -0.29867
5150 0.101196 0.399952 -0.298756
5200 0.101274 0.400113 -0.298839
5250 0.10135 0.400267 -0.298917
5300 0.101418 0.400404 -0.298986
5350 0.10147 0.400514 -0.299044
5400 0.101501 0.400586 -0.299085
5450 0.101505 0.400611 -0.299106
5500 0.10148 0.400588 -0.299108
5550 0.101427 0.400517 -0.29909
5600 0.10135 0.400404 -0.299054
5650 0.101254 0.400259 -0.299005
5700 0.101147 0.400094 -0.298947
5750 0.101035 0.399918 -0.298884
5800 0.100925 0.399744 -0.29882
5850 0.100821 0.399579 -0.298758
5900 0.100727 0.399427 -0.298701
5950 0.100642 0.399289 -0.298648
6000 0.100564 0.399162 -0.298598
6050 0.10049 0.39904 -0.29855
6100 0.100415 0.398916 -0.298501
6150 0.100333 0.398781 -0.298448
6200 0.100241 0.39863 -0.298389
6250 0.100139 0.398464 -0.298325
6300 0.100031 0.398289 -0.298258
6350 0.0999224 0.398116 -0.298193
6400 0.0998241 0.39796 -0.298136
6450 0.0997458 0.397838 -0.298092
6500 0.099697 0.397765 -0.298068
6550 0.0996849 0.397753 -0.298068
6600 0.0997142 0.397809 -0.298095
6650 0.099786 0.397935 -0.298149
6700 0.0998982 0.398128 -0.298229
6750 0.100045 0.398377 -0.298332
6800 0.100219 0.39867 -0.298451
6850 0.100409 0.398989 -0.298581
6900 0.100604 0.399318 -0.298714
6950 0.100797 0.399641 -0.298844
7000 0.100978 0.399945 -0.298967
7050 0.101146 0.400225 -0.299079
7100 0.101296 0.400474 -0.299178
7150 0.101428 0.40069 -0.299263
7200 0.10154 0.400871 -0.299331
7250 0.10163 0.401012 -0.299382
7300 0.101697 0.40111 -0.299413
7350 0.101736 0.401159 -0.299423
7400 0.101746 0.401153 -0.299408
7450 0.10172 0.401085 -0.299365
7500 0.101652 0.400943 -0.299291
7550 0.101537 0.400719 -0.299183
7600 0.101368 0.400405 -0.299036
7650 0.101145 0.399996 -0.298851
7700 0.100866 0.399494 -0.298628
7750 0.100536 0.398905 -0.298369
7800 0.100163 0.398244 -0.298081
7850 0.0997572 0.397527 -0.29777
7900 0.099333 0.396779 -0.297446
7950 0.0989054 0.396024 -0.297118
8000 0.0984898 0.395287 -0.296797
8050 0.0981009 0.394594 -0.296493
8100 0.0977517 0.393965 -0.296213
8150 0.0974521 0.393418 -0.295966
8200 0.0972086 0.392963 -0.295754
8250 0.0970235 0.392604 -0.295581
8300 0.0968953 0.39234 -0.295445
8350 0.0968185 0.392162 -0.295344
8400 0.0967852 0.392057 -0.295272
8450 0.0967862 0.39201 -0.295224
8500 0.0968132 0.392008 -0.295194
8550 0.0968587 0.392037 -0.295179
8600 0.0969166 0.392089 -0.295172
8650 0.0969814 0.392153 -0.295171
8700 0.0970475 0.392219 -0.295171
8750 0.0971087 0.392277 -0.295169
8800 0.0971584 0.392317 -0.295158
8850 0.0971895 0.392325 -0.295136
8900 0.0971959 0.392292 -0.295097
8950 0.0971724 0.39221 -0.295038
9000 0.0971156 0.392073 -0.294957
9050 0.0970241 0.391877 -0.294853
9100 0.0968986 0.391625 -0.294726
9150 0.0967424 0.391321 -0.294579
9200 0.0965608 0.390975 -0.294414
9250 0.0963608 0.390598 -0.294237
9300 0.0961501 0.390201 -0.294051
9350 0.0959356 0.389798 -0.293862
9400 0.0957238 0.389398 -0.293674
9450 0.0955199 0.38901 -0.29349
9500 0.0953284 0.388642 -0.293313
9550 0.0951532 0.388299 -0.293146
9600 0.0949968 0.387987 -0.29299
9650 0.0948605 0.387707 -0.292846
9700 0.0947435 0.387458 -0.292714
9750 0.0946435 0.387235 -0.292592
9800 0.0945562 0.387032 -0.292476
9850 0.0944751 0.386839 -0.292364
9900 0.0943926 0.386643 -0.29225
9950 0.0943006 0.38643 -0.29213
10000 0.0941924 0.386192 -0.291999
10050 0.0940639 0.38592 -0.291856
10100 0.0939149 0.385615 -0.2917
10150 0.0937496 0.385283 -0.291533
10200 0.0935756 0.384936 -0.291361
10250 0.0934018 0.384589 -0.291187
10300 0.0932365 0.384254 -0.291018
10350 0.0930842 0.38394 -0.290855
10400 0.0929446 0.383644 -0.2907
10450 0.0928119 0.383359 -0.290547
10500 0.0926774 0.383071 -0.290394
10550 0.0925312 0.382764 -0.290233
10600 0.0923656 0.382427 -0.290061
10650 0.092176 0.382051 -0.289875
10700 0.091961 0.381635 -0.289674
10750 0.0917222 0.381181 -0.289459
10800 0.0914624 0.380695 -0.289232
10850 0.0911859 0.380183 -0.288997
10900 0.0908985 0.379655 -0.288756
10950 0.0906078 0.379123 -0.288516
11000 0.0903233 0.378605 -0.288281
11050 0.0900561 0.378117 -0.288061
11100 0.0898179 0.377678 -0.287861
11150 0.0896195 0.377308 -0.287688
11200 0.0894691 0.377017 -0.287548
11250 0.0893702 0.376813 -0.287443
11300 0.0893211 0.376692 -0.287371
11350 0.0893152 0.376644 -0.287329
11400 0.089342 0.376652 -0.28731
11450 0.0893897 0.376697 -0.287307
11500 0.0894472 0.376761 -0.287314
11550 0.0895049 0.376827 -0.287322
11600 0.0895557 0.376885 -0.287329
11650 0.0895944 0.376925 -0.28733
11700 0.0896183 0.376942 -0.287324
11750 0.0896273 0.376937 -0.28731
11800 0.0896235 0.376912 -0.287288
11850 0.0896106 0.376872 -0.287262
11900 0.0895925 0.376825 -0.287232
11950 0.0895728 0.376774 -0.287201
12000 0.0895534 0.376724 -0.28717
12050 0.0895348 0.376674 -0.28714
12100 0.0895164 0.376626 -0.287109
12150 0.0894968 0.376575 -0.287078
12200 0.0894743 0.37652 -0.287046
12250 0.0894484 0.37646 -0.287011
12300 0.0894196 0.376395 -0.286975
12350 0.0893901 0.376329 -0.286939
12400 0.0893627 0.376267 -0.286904
12450 0.0893406 0.376212 -0.286872
12500 0.0893269 0.376171 -0.286844
12550 0.0893239 0.376146 -0.286822
12600 0.0893323 0.376139 -0.286807
12650 0.0893514 0.376148 -0.286797
12700 0.0893782 0.376168 -0.28679
12750 0.0894087 0.376193 -0.286785
12800 0.0894377 0.376214 -0.286777
12850 0.0894601 0.376223 -0.286763
12900 0.0894712 0.376213 -0.286741
12950 0.0894668 0.376175 -0.286708
13000 0.0894433 0.376105 -0.286662
13050 0.0893973 0.375998 -0.286601
13100 0.089326 0.375848 -0.286522
13150 0.0892267 0.375652 -0.286425
13200 0.0890986 0.375408 -0.28631
13250 0.0889432 0.37512 -0.286177
13300 0.0887648 0.374795 -0.28603
13350 0.0885707 0.374443 -0.285872
13400 0.0883694 0.37408 -0.285711
13450 0.0881699 0.373719 -0.28555
13500 0.0879797 0.373374 -0.285394
13550 0.087804 0.373052 -0.285248
13600 0.0876447 0.372756 -0.285111
13650 0.0875001 0.372484 -0.284984
13700 0.0873663 0.37223 -0.284864
13750 0.0872375 0.371985 -0.284748
13800 0.0871086 0.371741 -0.284632
13850 0.0869766 0.371492 -0.284516
13900 0.0868415 0.37124 -0.284399
13950 0.0867061 0.370988 -0.284282
14000 0.086575 0.370744 -0.284169
14050 0.0864537 0.370517 -0.284063
14100 0.086347 0.370314 -0.283967
14150 0.0862587 0.370142 -0.283884
14200 0.0861909 0.370004 -0.283813
14250 0.0861434 0.3699 -0.283756
14300 0.0861136 0.369825 -0.283712
14350 0.0860963 0.369772 -0.283676
14400 0.0860846 0.369729 -0.283645
14450 0.0860704 0.369684 -0.283614
14500 0.0860463 0.369625 -0.283578
14550 0.0860058 0.369541 -0.283535
14600 0.0859451 0.369425 -0.28348
14650 0.0858634 0.369278 -0.283415
14700 0.085763 0.369102 -0.283339
14750 0.0856481 0.368905 -0.283256
14800 0.0855244 0.368695 -0.28317
14850 0.0853981 0.368482 -0.283084
14900 0.0852758 0.368279 -0.283003
14950 0.0851651 0.368097 -0.282932
15000 0.0850742 0.36795 -0.282875
15050 0.0850116 0.367851 -0.282839
15100 0.0849844 0.367813 -0.282828
15150 0.0849973 0.367842 -0.282845
15200 0.0850515 0.367941 -0.28289
15250 0.0851448 0.368107 -0.282962
15300 0.0852727 0.368332 -0.283059
15350 0.085429 0.368606 -0.283177
15400 0.0856073 0.368918 -0.28331
15450 0.0858014 0.369258 -0.283457
15500 0.0860057 0.369617 -0.283611
15550 0.0862151 0.369986 -0.283771
15600 0.0864248 0.370356 -0.283932
15650 0.0866303 0.370721 -0.284091
15700 0.0868274 0.371072 -0.284245
15750 0.0870129 0.371405 -0.284392
15800 0.0871845 0.371714 -0.28453
15850 0.0873408 0.371998 -0.284657
15900 0.0874811 0.372254 -0.284773
15950 0.0876044 0.372482 -0.284878
16000 0.0877099 0.372679 -0.28497
16050 0.0877972 0.372846 -0.285049
16100 0.0878665 0.372983 -0.285116
16150 0.0879195 0.373091 -0.285172
16200 0.0879585 0.373177 -0.285218
16250 0.0879868 0.373244 -0.285257
16300 0.0880077 0.373298 -0.28529
16350 0.0880239 0.373345 -0.285321
16400 0.0880375 0.373387 -0.285349
16450 0.0880507 0.373428 -0.285377
16500 0.0880654 0.373473 -0.285407
16550 0.0880841 0.373524 -0.285439
16600 0.0881085 0.373584 -0.285476
16650 0.0881398 0.373657 -0.285517
16700 0.0881788 0.373743 -0.285564
16750 0.0882256 0.373842 -0.285616
16800 0.0882813 0.373956 -0.285674
16850 0.0883473 0.374087 -0.285739
16900 0.088426 0.374239 -0.285813
16950 0.0885191 0.374414 -0.285895
17000 0.088627 0.374613 -0.285986
17050 0.088748 0.374833 -0.286085
17100 0.0888787 0.375069 -0.28619
17150 0.0890138 0.375312 -0.286298
17200 0.0891481 0.375554 -0.286405
17250 0.0892763 0.375785 -0.286508
17300 0.0893933 0.375997 -0.286604
17350 0.0894941 0.376183 -0.286689
17400 0.0895736 0.376334 -0.286761
17450 0.0896268 0.376442 -0.286815
17500 0.0896507 0.376501 -0.286851
17550 0.0896446 0.376511 -0.286867
17600 0.0896113 0.376477 -0.286866
17650 0.0895565 0.376407 -0.28685
17700 0.089488 0.376313 -0.286825
17750 0.0894139 0.376209 -0.286795
17800 0.0893417 0.376106 -0.286765
17850 0.0892772 0.376015 -0.286738
17900 0.0892234 0.37594 -0.286716
17950 0.0891807 0.375881 -0.2867
18000 0.0891476 0.375837 -0.28669
18050 0.0891213 0.375805 -0.286683
18100 0.0890996 0.37578 -0.28668
18150 0.0890813 0.375761 -0.286679
18200 0.0890672 0.37575 -0.286683
18250 0.0890604 0.375752 -0.286691
18300 0.0890651 0.375774 -0.286709
18350 0.0890863 0.375824 -0.286737
18400 0.0891287 0.375909 -0.28678
18450 0.089196 0.376036 -0.28684
18500 0.08929 0.376206 -0.286916
18550 0.08941 0.376419 -0.287009
18600 0.0895526 0.376669 -0.287116
18650 0.0897114 0.376945 -0.287233
18700 0.0898769 0.377232 -0.287355
18750 0.090038 0.377511 -0.287473
18800 0.090183 0.377764 -0.287582
18850 0.0903017 0.377975 -0.287673
18900 0.0903869 0.378131 -0.287744
18950 0.0904355 0.378228 -0.287792
19000 0.0904481 0.378266 -0.287818
19050 0.0904282 0.37825 -0.287822
19100 0.0903816 0.378191 -0.287809
19150 0.0903153 0.378099 -0.287783
19200 0.0902366 0.377986 -0.287749
19250 0.0901527 0.377864 -0.287712
19300 0.0900702 0.377745 -0.287675
19350 0.089994 0.377636 -0.287642
19400 0.0899282 0.377544 -0.287616
19450 0.0898767 0.377477 -0.2876
19500 0.0898436 0.377441 -0.287597
19550 0.0898336 0.377443 -0.28761
19600 0.0898508 0.377491 -0.287641
19650 0.0898982 0.377589 -0.287691
19700 0.0899761 0.377738 -0.287762
19750 0.0900828 0.377935 -0.287852
19800 0.0902144 0.378173 -0.287958
19850 0.0903658 0.378443 -0.288078
19900 0.0905311 0.378737 -0.288206
19950 0.0907043 0.379044 -0.288339
20000 0.0908792 0.379353 -0.288474
20050 0.0910497 0.379654 -0.288605
20100 0.0912103 0.379939 -0.288729
20150 0.0913564 0.3802 -0.288843
20200 0.0914843 0.38043 -0.288945
20250 0.0915918 0.380625 -0.289033
20300 0.0916783 0.380786 -0.289107
20350 0.0917445 0.380912 -0.289168
20400 0.0917932 0.381009 -0.289216
20450 0.0918277 0.381082 -0.289254
20500 0.0918521 0.381137 -0.289285
20550 0.0918689 0.381179 -0.28931
20600 0.0918794 0.381211 -0.289331
20650 0.0918831 0.38123 -0.289347
20700 0.0918795 0.381238 -0.289359
20750 0.0918694 0.381236 -0.289366
20800 0.0918555 0.381226 -0.289371
20850 0.0918416 0.381217 -0.289376
20900 0.0918315 0.381214 -0.289382
20950 0.0918275 0.38122 -0.289392
21000 0.0918291 0.381234 -0.289405
21050 0.0918332 0.381252 -0.289418
21100 0.0918353 0.381266 -0.289431
21150 0.091831 0.38127 -0.289439
21200 0.0918175 0.38126 -0.289442
21250 0.0917947 0.381235 -0.28944
21300 0.0917651 0.381199 -0.289434
21350 0.0917331 0.381159 -0.289426
21400 0.0917042 0.381125 -0.28942
21450 0.0916834 0.381103 -0.289419
21500 0.0916748 0.381101 -0.289426
21550 0.0916812 0.381123 -0.289442
21600 0.0917042 0.381172 -0.289468
21650 0.091745 0.38125 -0.289505
21700 0.0918042 0.381358 -0.289554
21750 0.0918817 0.381496 -0.289614
21800 0.0919761 0.381662 -0.289685
21850 0.0920846 0.38185 -0.289766
21900 0.0922028 0.382055 -0.289852
21950 0.0923254 0.382268 -0.289942
22000 0.0924469 0.382479 -0.290032
22050 0.0925622 0.38268 -0.290118
22100 0.0926671 0.382865 -0.290198
22150 0.0927587 0.383028 -0.290269
22200 0.0928355 0.383167 -0.290332
22250 0.0928974 0.383282 -0.290384
22300 0.0929452 0.383373 -0.290428
22350 0.0929799 0.383442 -0.290462
22400 0.0930021 0.38349 -0.290488
22450 0.0930119 0.383518 -0.290506
22500 0.0930091 0.383524 -0.290515
22550 0.092994 0.383509 -0.290516
22600 0.0929676 0.383476 -0.290509
22650 0.0929317 0.383427 -0.290496
22700 0.0928888 0.383367 -0.290478
22750 0.0928425 0.3833 -0.290458
22800 0.0927971 0.383235 -0.290438
22850 0.0927572 0.383178 -0.290421
22900 0.0927278 0.383137 -0.29041
22950 0.0927127 0.38312 -0.290407
23000 0.0927144 0.383129 -0.290414
23050 0.0927334 0.383165 -0.290432
23100 0.092769 0.383228 -0.290459
23150 0.0928194 0.383314 -0.290495
23200 0.0928822 0.38342 -0.290538
23250 0.0929546 0.383541 -0.290587
23300 0.0930335 0.383672 -0.290638
23350 0.0931148 0.383805 -0.29069
23400 0.0931933 0.383933 -0.29074
23450 0.0932629 0.384045 -0.290782
23500 0.093317 0.384131 -0.290814
23550 0.0933498 0.384182 -0.290832
23600 0.0933569 0.38419 -0.290833
23650 0.0933368 0.384153 -0.290816
23700 0.0932909 0.384074 -0.290783
23750 0.0932241 0.38396 -0.290736
23800 0.0931433 0.383823 -0.29068
23850 0.0930559 0.383674 -0.290618
23900 0.0929678 0.383523 -0.290556
23950 0.0928818 0.383375 -0.290493
24000 0.0927974 0.383229 -0.290431
24050 0.0927121 0.383081 -0.290369
24100 0.0926227 0.382926 -0.290303
24150 0.0925274 0.382762 -0.290235
24200 0.0924266 0.38259 -0.290164
24250 0.0923228 0.382414 -0.290091
24300 0.0922196 0.382239 -0.29002
24350 0.0921211 0.382073 -0.289952
24400 0.0920306 0.38192 -0.28989
24450 0.0919506 0.381786 -0.289835
24500 0.0918827 0.381672 -0.289789
24550 0.0918281 0.38158 -0.289752
24600 0.0917881 0.381514 -0.289726
24650 0.0917644 0.381476 -0.289712
24700 0.0917593 0.38147 -0.28971
24750 0.091775 0.381499 -0.289724
24800 0.0918136 0.381566 -0.289753
24850 0.0918756 0.381674 -0.289798
24900 0.0919606 0.38182 -0.289859
24950 0.0920672 0.382002 -0.289934
25000 0.0921928 0.382216 -0.290023
25050 0.0923335 0.382455 -0.290121
25100 0.0924842 0.382711 -0.290227
25150 0.0926387 0.382974 -0.290335
25200 0.0927903 0.383232 -0.290442
25250 0.0929325 0.383475 -0.290543
25300 0.0930599 0.383694 -0.290635
25350 0.0931682 0.383882 -0.290714
25400 0.0932546 0.384034 -0.290779
25450 0.0933174 0.384147 -0.290829
25500 0.0933568 0.384221 -0.290864
25550 0.0933738 0.384258 -0.290884
25600 0.0933703 0.384261 -0.290891
25650 0.0933495 0.384236 -0.290886
25700 0.0933163 0.38419 -0.290873
25750 0.0932768 0.384133 -0.290856
25800 0.093238 0.384076 -0.290839
25850 0.0932059 0.38403 -0.290825
25900 0.093185 0.384002 -0.290817
25950 0.0931765 0.383992 -0.290816
26000 0.0931786 0.384 -0.290821
26050 0.0931874 0.384017 -0.29083
26100 0.0931974 0.384037 -0.29084
26150 0.0932039 0.384052 -0.290848
26200 0.0932034 0.384056 -0.290852
26250 0.0931956 0.384049 -0.290853
26300 0.0931829 0.384034 -0.290851
26350 0.0931708 0.384022 -0.290851
26400 0.0931661 0.384021 -0.290855
26450 0.093176 0.384045 -0.290869
26500 0.0932063 0.384101 -0.290895
26550 0.0932599 0.384194 -0.290935
26600 0.093336 0.384324 -0.290988
26650 0.0934304 0.384483 -0.291052
26700 0.0935363 0.384659 -0.291123
26750 0.0936454 0.384841 -0.291196
26800 0.09375 0.385014 -0.291264
26850 0.0938439 0.38517 -0.291326
26900 0.0939228 0.385299 -0.291376
26950 0.0939843 0.385399 -0.291415
27000 0.0940268 0.385466 -0.291439
27050 0.0940488 0.385498 -0.29145
27100 0.094049 0.385493 -0.291444
27150 0.0940265 0.385449 -0.291423
27200 0.0939809 0.385366 -0.291385
27250 0.0939131 0.385246 -0.291333
27300 0.0938253 0.385092 -0.291267
27350 0.0937218 0.384912 -0.29119
27400 0.093608 0.384714 -0.291106
27450 0.0934899 0.384508 -0.291018
27500 0.0933732 0.384303 -0.29093
27550 0.0932627 0.384108 -0.290845
27600 0.0931613 0.383927 -0.290766
27650 0.0930708 0.383763 -0.290692
27700 0.0929909 0.383615 -0.290625
27750 0.0929192 0.383481 -0.290562
27800 0.0928519 0.383354 -0.290502
27850 0.0927841 0.383226 -0.290442
27900 0.0927112 0.38309 -0.290379
27950 0.0926309 0.382943 -0.290312
28000 0.0925433 0.382785 -0.290242
28050 0.092451 0.38262 -0.290169
28100 0.0923577 0.382453 -0.290095
28150 0.0922674 0.382291 -0.290024
28200 0.0921842 0.382142 -0.289958
28250 0.0921122 0.382011 -0.289898
28300 0.092055 0.381904 -0.289849
28350 0.0920158 0.381826 -0.28981
28400 0.0919961 0.381781 -0.289784
28450 0.0919962 0.381767 -0.289771
28500 0.0920145 0.381784 -0.289769
28550 0.0920476 0.381825 -0.289777
28600 0.0920908 0.381882 -0.289791
28650 0.092138 0.381946 -0.289808
28700 0.0921826 0.382005 -0.289823
28750 0.0922179 0.38205 -0.289832
28800 0.0922379 0.382069 -0.289831
28850 0.0922373 0.382056 -0.289818
28900 0.0922124 0.382003 -0.28979
28950 0.092162 0.381909 -0.289747
29000 0.0920881 0.381778 -0.289689
29050 0.0919967 0.381618 -0.289621
29100 0.0918973 0.381446 -0.289548
29150 0.0918005 0.381278 -0.289477
29200 0.0917154 0.381128 -0.289413
29250 0.0916477 0.381007 -0.289359
29300 0.0915981 0.380915 -0.289317
29350 0.0915636 0.380848 -0.289284
29400 0.0915391 0.380797 -0.289258
29450 0.0915196 0.380756 -0.289236
29500 0.0915015 0.380717 -0.289215
29550 0.0914833 0.380678 -0.289195
29600 0.0914647 0.380639 -0.289174
29650 0.0914463 0.380601 -0.289154
29700 0.0914288 0.380563 -0.289135
29750 0.0914135 0.38053 -0.289117
29800 0.0914022 0.380503 -0.289101
29850 0.0913976 0.380487 -0.28909
29900 0.0914029 0.380487 -0.289084
29950 0.0914209 0.380507 -0.289086
30000 0.0914532 0.38055 -0.289097
30050 0.0914995 0.380614 -0.289115
30100 0.0915569 0.380696 -0.289139
30150 0.0916203 0.380787 -0.289166
30200 0.0916825 0.380874 -0.289192
30250 0.0917347 0.380945 -0.28921
30300 0.0917681 0.380984 -0.289216
30350 0.0917749 0.38098 -0.289205
30400 0.0917499 0.380924 -0.289174
30450 0.091691 0.380812 -0.289121
30500 0.0915993 0.380646 -0.289047
30550 0.0914785 0.380433 -0.288955
30600 0.0913335 0.380181 -0.288847
30650 0.0911696 0.379897 -0.288728
30700 0.0909922 0.379592 -0.288599
30750 0.0908068 0.379273 -0.288467
30800 0.0906198 0.378953 -0.288333
30850 0.0904382 0.378642 -0.288204
30900 0.09027 0.378353 -0.288083
30950 0.0901222 0.378098 -0.287976
31000 0.09 0.377886 -0.287886
31050 0.0899057 0.37772 -0.287814
31100 0.0898386 0.3776 -0.287761
31150 0.0897964 0.377522 -0.287726
31200 0.0897764 0.377482 -0.287706
31250 0.0897767 0.377478 -0.287701
31300 0.0897969 0.377508 -0.287711
31350 0.0898383 0.377575 -0.287736
31400 0.0899026 0.37768 -0.287777
31450 0.0899909 0.377826 -0.287835
31500 0.0901021 0.37801 -0.287908
31550 0.0902332 0.378227 -0.287994
31600 0.0903783 0.378468 -0.28809
31650 0.0905302 0.378721 -0.288191
31700 0.0906807 0.378972 -0.288292
31750 0.0908227 0.37921 -0.288387
31800 0.0909503 0.379425 -0.288475
31850 0.0910596 0.37961 -0.288551
31900 0.0911492 0.379764 -0.288614
31950 0.0912199 0.379886 -0.288666
32000 0.0912736 0.37998 -0.288706
32050 0.0913128 0.38005 -0.288737
32100 0.0913392 0.380098 -0.288759
32150 0.0913538 0.380127 -0.288773
32200 0.0913567 0.380135 -0.288779
32250 0.0913479 0.380125 -0.288777
32300 0.0913282 0.380096 -0.288768
32350 0.0912995 0.380053 -0.288753
32400 0.0912644 0.379999 -0.288735
32450 0.0912259 0.37994 -0.288714
32500 0.0911865 0.379879 -0.288693
32550 0.0911488 0.379821 -0.288673
32600 0.0911149 0.37977 -0.288655
32650 0.0910875 0.379729 -0.288642
32700 0.0910697 0.379704 -0.288635
32750 0.0910646 0.3797 -0.288635
32800 0.0910749 0.37972 -0.288645
32850 0.0911014 0.379766 -0.288665
32900 0.0911424 0.379835 -0.288693
32950 0.0911931 0.379919 -0.288726
33000 0.0912464 0.380007 -0.288761
33050 0.0912939 0.380086 -0.288792
33100 0.0913285 0.380142 -0.288814
33150 0.091345 0.38017 -0.288825
33200 0.091341 0.380164 -0.288823
33250 0.0913174 0.380126 -0.288808
33300 0.0912775 0.380061 -0.288783
33350 0.0912263 0.379977 -0.288751
33400 0.0911696 0.379884 -0.288714
33450 0.0911127 0.37979 -0.288677
33500 0.0910601 0.379703 -0.288643
33550 0.0910145 0.379627 -0.288612
33600 0.0909775 0.379565 -0.288588
33650 0.0909498 0.379519 -0.288569
33700 0.0909319 0.379489 -0.288557
33750 0.0909247 0.379476 -0.288552
33800 0.0909291 0.379483 -0.288554
33850 0.0909462 0.379511 -0.288565
33900 0.0909761 0.37956 -0.288584
33950 0.0910173 0.379627 -0.288609
34000 0.0910668 0.379707 -0.28864
34050 0.0911201 0.379793 -0.288673
34100 0.0911721 0.379877 -0.288705
34150 0.0912174 0.37995 -0.288733
34200 0.0912518 0.380005 -0.288753
34250 0.0912728 0.380038 -0.288765
34300 0.0912803 0.380049 -0.288769
34350 0.091276 0.38004 -0.288764
34400 0.0912632 0.380017 -0.288753
34450 0.091246 0.379985 -0.288739
34500 0.0912286 0.379953 -0.288724
34550 0.091215 0.379925 -0.28871
34600 0.0912081 0.379908 -0.2887
34650 0.0912094 0.379903 -0.288693
34700 0.0912183 0.379909 -0.28869
34750 0.0912327 0.379923 -0.28869
34800 0.0912491 0.37994 -0.288691
34850 0.0912637 0.379954 -0.28869
34900 0.0912728 0.379959 -0.288686
34950 0.0912738 0.37995 -0.288677
35000 0.0912659 0.379927 -0.288662
35050 0.0912502 0.379891 -0.288641
35100 0.0912289 0.379846 -0.288617
35150 0.0912046 0.379795 -0.288591
35200 0.0911793 0.379742 -0.288563
35250 0.0911543 0.379689 -0.288535
35300 0.0911307 0.379638 -0.288507
35350 0.0911097 0.37959 -0.28848
35400 0.0910922 0.379547 -0.288454
35450 0.0910781 0.379508 -0.28843
35500 0.0910654 0.379472 -0.288406
35550 0.09105 0.37943 -0.28838
35600 0.0910265 0.379375 -0.288349
35650 0.0909903 0.3793 -0.288309
35700 0.0909379 0.379198 -0.28826
35750 0.0908685 0.379069 -0.2882
35800 0.0907825 0.378912 -0.28813
35850 0.0906818 0.378732 -0.28805
35900 0.0905688 0.378532 -0.287963
35950 0.0904465 0.378316 -0.28787
36000 0.0903182 0.378091 -0.287773
36050 0.0901873 0.377862 -0.287675
36100 0.0900579 0.377635 -0.287577
36150 0.0899338 0.377418 -0.287484
36200 0.0898197 0.377217 -0.287397
36250 0.0897197 0.37704 -0.28732
36300 0.089638 0.376892 -0.287255
36350 0.0895774 0.37678 -0.287203
36400 0.0895396 0.376706 -0.287167
36450 0.089525 0.376671 -0.287146
36500 0.0895338 0.376674 -0.28714
36550 0.0895652 0.376714 -0.287149
36600 0.0896179 0.37679 -0.287172
36650 0.0896883 0.376895 -0.287206
36700 0.0897699 0.377018 -0.287248
36750 0.0898537 0.377144 -0.287291
36800 0.0899294 0.377258 -0.287329
36850 0.0899874 0.377343 -0.287356
36900 0.0900206 0.377389 -0.287368
36950 0.0900256 0.377389 -0.287364
37000 0.0900025 0.377345 -0.287342
37050 0.0899543 0.37726 -0.287306
37100 0.0898868 0.377145 -0.287258
37150 0.0898074 0.377011 -0.287204
37200 0.089724 0.376872 -0.287148
37250 0.0896443 0.376739 -0.287094
37300 0.0895741 0.376621 -0.287047
37350 0.089517 0.376526 -0.287009
37400 0.089474 0.376454 -0.28698
37450 0.0894431 0.376402 -0.286959
37500 0.0894194 0.376362 -0.286942
37550 0.0893955 0.376322 -0.286927
37600 0.0893629 0.37627 -0.286907
37650 0.0893143 0.376193 -0.286879
37700 0.0892451 0.376085 -0.28684
37750 0.0891561 0.375946 -0.28679
37800 0.0890537 0.375788 -0.286734
37850 0.0889496 0.375629 -0.286679
37900 0.0888587 0.375493 -0.286634
37950 0.0887968 0.375406 -0.286609
38000 0.0887773 0.375388 -0.286611
38050 0.0888095 0.375455 -0.286646
38100 0.088897 0.375613 -0.286716
38150 0.0890373 0.375858 -0.28682
38200 0.0892228 0.376177 -0.286954
38250 0.0894426 0.376552 -0.28711
38300 0.0896841 0.376964 -0.28728
38350 0.0899349 0.377392 -0.287457
38400 0.0901836 0.377816 -0.287632
38450 0.0904209 0.378222 -0.287801
38500 0.0906398 0.378597 -0.287957
38550 0.0908357 0.378934 -0.288098
38600 0.091006 0.379227 -0.288221
38650 0.0911488 0.379474 -0.288326
38700 0.0912625 0.379672 -0.288409
38750 0.091345 0.379816 -0.288471
38800 0.0913944 0.379904 -0.28851
38850 0.0914095 0.379935 -0.288525
38900 0.0913903 0.379908 -0.288518
38950 0.0913385 0.379826 -0.288487
39000 0.0912578 0.379695 -0.288438
39050 0.091154 0.379525 -0.288371
39100 0.0910335 0.379327 -0.288293
39150 0.0909035 0.379111 -0.288208
39200 0.0907699 0.378889 -0.288119
39250 0.0906372 0.378666 -0.288029
39300 0.090508 0.378448 -0.28794
39350 0.0903824 0.378236 -0.287854
39400 0.0902595 0.378028 -0.287769
39450 0.090138 0.377823 -0.287685
39500 0.0900179 0.377622 -0.287604
39550 0.0899021 0.377428 -0.287526
39600 0.0897963 0.377252 -0.287456
39650 0.0897074 0.377105 -0.287398
39700 0.089642 0.376997 -0.287355
39750 0.0896045 0.376936 -0.287331
39800 0.0895963 0.376923 -0.287327
39850 0.0896161 0.376957 -0.287341
39900 0.0896603 0.377032 -0.287372
39950 0.0897236 0.37714 -0.287416
40000 0.0897999 0.37727 -0.28747
40050 0.0898829 0.377413 -0.28753
40100 0.0899671 0.377559 -0.287592
40150 0.0900486 0.377703 -0.287655
40200 0.0901255 0.377841 -0.287715
40250 0.090198 0.377973 -0.287775
40300 0.0902683 0.378103 -0.287834
40350 0.0903404 0.378236 -0.287896
40400 0.0904189 0.378381 -0.287962
40450 0.0905084 0.378544 -0.288036
40500 0.0906114 0.378729 -0.288118
40550 0.0907277 0.378936 -0.288209
40600 0.090854 0.37916 -0.288306
40650 0.0909847 0.37939 -0.288406
40700 0.0911135 0.379618 -0.288504
40750 0.0912338 0.379832 -0.288598
40800 0.0913407 0.380024 -0.288683
40850 0.0914307 0.380188 -0.288758
40900 0.0915024 0.380323 -0.28882
40950 0.0915562 0.380427 -0.288871
41000 0.0915937 0.380503 -0.28891
41050 0.0916173 0.380556 -0.288938
41100 0.0916295 0.380587 -0.288958
41150 0.0916319 0.380601 -0.288969
41200 0.0916258 0.380599 -0.288973
41250 0.0916121 0.380583 -0.288971
41300 0.0915921 0.380554 -0.288962
41350 0.0915674 0.380517 -0.288949
41400 0.0915402 0.380473 -0.288933
41450 0.0915118 0.380426 -0.288914
41500 0.0914823 0.380376 -0.288893
41550 0.0914506 0.38032 -0.28887
41600 0.091414 0.380255 -0.288841
41650 0.0913695 0.380177 -0.288807
41700 0.0913138 0.380079 -0.288766
41750 0.0912447 0.37996 -0.288715
41800 0.0911613 0.379817 -0.288656
41850 0.0910651 0.379653 -0.288588
41900 0.09096 0.379476 -0.288516
41950 0.0908516 0.379293 -0.288441
42000 0.0907461 0.379115 -0.288369
42050 0.0906498 0.378952 -0.288303
42100 0.090568 0.378814 -0.288246
42150 0.0905041 0.378705 -0.2882
42200 0.0904593 0.378628 -0.288168
42250 0.0904328 0.378581 -0.288149
42300 0.0904226 0.378563 -0.288141
42350 0.0904267 0.37857 -0.288144
42400 0.0904442 0.378601 -0.288157
42450 0.0904752 0.378655 -0.28818
42500 0.0905203 0.378733 -0.288213
42550 0.0905797 0.378836 -0.288257
42600 0.0906529 0.378963 -0.28831
42650 0.0907384 0.37911 -0.288372
42700 0.0908347 0.379276 -0.288441
42750 0.0909399 0.379456 -0.288517
42800 0.0910518 0.379648 -0.288596
42850 0.0911668 0.379845 -0.288678
42900 0.0912795 0.380037 -0.288758
42950 0.0913834 0.380216 -0.288833
43000 0.0914718 0.380369 -0.288898
43050 0.0915397 0.38049 -0.28895
43100 0.0915849 0.380573 -0.288988
43150 0.0916088 0.380622 -0.289014
43200 0.0916152 0.380643 -0.289028
43250 0.0916088 0.380642 -0.289033
43300 0.0915942 0.380628 -0.289034
43350 0.0915758 0.380607 -0.289031
43400 0.0915575 0.380586 -0.289029
43450 0.0915438 0.380573 -0.289029
43500 0.0915386 0.380573 -0.289034
43550 0.0915447 0.380591 -0.289046
43600 0.0915625 0.380627 -0.289065
43650 0.0915897 0.380679 -0.289089
43700 0.0916222 0.380739 -0.289117
43750 0.0916552 0.380801 -0.289146
43800 0.0916855 0.380859 -0.289173
43850 0.0917119 0.380911 -0.289199
43900 0.0917365 0.380961 -0.289225
43950 0.0917631 0.381015 -0.289252
44000 0.0917966 0.38108 -0.289284
44050 0.091841 0.381163 -0.289322
44100 0.0918981 0.381266 -0.289368
44150 0.0919673 0.381388 -0.289421
44200 0.0920458 0.381525 -0.289479
44250 0.0921294 0.38167 -0.289541
44300 0.0922138 0.381816 -0.289602
44350 0.0922949 0.381957 -0.289662
44400 0.0923699 0.382087 -0.289717
44450 0.0924368 0.382203 -0.289766
44500 0.092495 0.382304 -0.289809
44550 0.0925442 0.382389 -0.289845
44600 0.092584 0.382458 -0.289874
44650 0.0926132 0.382507 -0.289894
44700 0.0926292 0.382533 -0.289904
44750 0.0926287 0.38253 -0.289901
44800 0.0926079 0.382492 -0.289884
44850 0.0925634 0.382414 -0.28985
44900 0.0924931 0.382292 -0.289799
44950 0.092396 0.382125 -0.289729
45000 0.0922735 0.381915 -0.289642
45050 0.0921291 0.381669 -0.28954
45100 0.0919693 0.381397 -0.289428
45150 0.0918023 0.381113 -0.289311
45200 0.0916375 0.380832 -0.289195
45250 0.0914835 0.380568 -0.289085
45300 0.0913471 0.380333 -0.288986
45350 0.0912323 0.380133 -0.2889
45400 0.091141 0.379971 -0.28883
45450 0.0910735 0.379849 -0.288776
45500 0.0910301 0.379767 -0.288737
45550 0.0910106 0.379725 -0.288715
45600 0.091015 0.379723 -0.288708
45650 0.0910423 0.37976 -0.288717
45700 0.0910907 0.379831 -0.28874
45750 0.0911569 0.379932 -0.288775
45800 0.0912361 0.380054 -0.288818
45850 0.0913227 0.380189 -0.288867
45900 0.0914104 0.380327 -0.288916
45950 0.0914932 0.380456 -0.288963
46000 0.0915663 0.38057 -0.289004
46050 0.0916265 0.380664 -0.289038
46100 0.0916728 0.380735 -0.289062
46150 0.0917055 0.380784 -0.289079
46200 0.0917257 0.380813 -0.289087
46250 0.0917341 0.380822 -0.289088
46300 0.0917306 0.380811 -0.28908
46350 0.0917136 0.380778 -0.289064
46400 0.0916803 0.380718 -0.289038
46450 0.0916279 0.380627 -0.288999
46500 0.0915547 0.380503 -0.288948
46550 0.0914616 0.380347 -0.288885
46600 0.0913521 0.380165 -0.288813
46650 0.0912323 0.379967 -0.288735
46700 0.0911101 0.379766 -0.288656
46750 0.0909949 0.379578 -0.288583
46800 0.0908961 0.379417 -0.288521
46850 0.0908222 0.379298 -0.288476
46900 0.0907794 0.37923 -0.28845
46950 0.0907704 0.379218 -0.288447
47000 0.0907946 0.379261 -0.288466
47050 0.090848 0.379353 -0.288505
47100 0.0909248 0.379484 -0.288559
47150 0.0910183 0.379643 -0.288625
47200 0.0911217 0.379821 -0.288699
47250 0.0912293 0.380007 -0.288777
47300 0.091337 0.380194 -0.288857
47350 0.0914432 0.38038 -0.288937
47400 0.0915488 0.380566 -0.289017
47450 0.0916564 0.380755 -0.289099
47500 0.0917686 0.380951 -0.289183
47550 0.0918865 0.381156 -0.28927
47600 0.0920091 0.381368 -0.289359
47650 0.0921333 0.381581 -0.289447
47700 0.0922535 0.381786 -0.289532
47750 0.092363 0.381971 -0.289608
47800 0.0924539 0.382126 -0.289672
47850 0.0925187 0.382236 -0.289717
47900 0.092551 0.382292 -0.289741
47950 0.092547 0.382289 -0.289742
48000 0.0925059 0.382224 -0.289718
48050 0.0924304 0.382102 -0.289672
48100 0.0923264 0.381933 -0.289606
48150 0.092202 0.38173 -0.289528
48200 0.0920668 0.381508 -0.289441
48250 0.0919304 0.381284 -0.289354
48300 0.0918016 0.381071 -0.28927
48350 0.0916875 0.380882 -0.289195
48400 0.0915939 0.380726 -0.289132
48450 0.0915241 0.380608 -0.289084
48500 0.0914795 0.380531 -0.289052
48550 0.0914589 0.380494 -0.289035
48600 0.0914585 0.38049 -0.289031
48650 0.0914724 0.38051 -0.289037
48700 0.091494 0.380544 -0.28905
48750 0.0915173 0.380582 -0.289065
48800 0.0915383 0.380619 -0.28908
48850 0.091556 0.380651 -0.289095
48900 0.0915722 0.380683 -0.289111
48950 0.0915903 0.380719 -0.289128
49000 0.0916137 0.380764 -0.28915
49050 0.0916453 0.380824 -0.289178
49100 0.0916863 0.380899 -0.289213
49150 0.0917372 0.380991 -0.289254
49200 0.091798 0.3811 -0.289302
49250 0.0918692 0.381226 -0.289357
49300 0.0919512 0.38137 -0.289419
49350 0.0920449 0.381533 -0.289488
49400 0.0921505 0.381715 -0.289564
49450 0.0922664 0.381912 -0.289646
49500 0.0923889 0.38212 -0.289731
49550 0.0925113 0.382326 -0.289814
49600 0.0926249 0.382516 -0.289891
49650 0.0927205 0.382676 -0.289955
49700 0.0927904 0.382793 -0.290002
49750 0.0928308 0.382861 -0.29003
49800 0.0928422 0.38288 -0.290038
49850 0.0928289 0.382857 -0.290028
49900 0.0927972 0.382802 -0.290004
49950 0.0927522 0.382722 -0.28997
50000 0.0926962 0.382622 -0.289926
