100 0.119197 0.317487 -0.19829
200 0.114802 0.306384 -0.191582
300 0.109495 0.294871 -0.185376
400 0.104534 0.28416 -0.179626
500 0.0998992 0.274445 -0.174546
600 0.0968147 0.26547 -0.168656
700 0.0928284 0.257195 -0.164367
800 0.0891788 0.249704 -0.160525
900 0.0858389 0.242859 -0.157021
1000 0.0827631 0.236584 -0.153821
1100 0.079918 0.230792 -0.150874
1200 0.0772911 0.225391 -0.1481
1300 0.0748245 0.220372 -0.145548
1400 0.0725142 0.215672 -0.143158
1500 0.0703481 0.211252 -0.140904
1600 0.0686703 0.207066 -0.138396
1700 0.0667212 0.203092 -0.136371
1800 0.0648778 0.199329 -0.134451
1900 0.0631223 0.195739 -0.132616
2000 0.0614542 0.192344 -0.13089
2100 0.0599025 0.189116 -0.129214
2200 0.058387 0.186028 -0.127641
2300 0.0569791 0.183078 -0.126099
2400 0.0556172 0.180266 -0.124649
2500 0.0542963 0.177563 -0.123266
2600 0.0531437 0.174975 -0.121832
2700 0.0519251 0.172482 -0.120557
2800 0.0507532 0.1701 -0.119347
2900 0.0496313 0.167806 -0.118175
3000 0.0485647 0.165607 -0.117042
3100 0.047528 0.163493 -0.115965
3200 0.0465295 0.161453 -0.114924
3300 0.0455719 0.159483 -0.113911
3400 0.0446525 0.157603 -0.112951
3500 0.0437676 0.155794 -0.112026
3600 0.042911 0.154044 -0.111133
3700 0.0420868 0.152368 -0.110281
3800 0.0412932 0.150727 -0.109434
3900 0.0405278 0.149159 -0.108631
4000 0.039791 0.147647 -0.107856
4100 0.0390843 0.146199 -0.107115
4200 0.0384052 0.144812 -0.106407
4300 0.0377466 0.143459 -0.105712
4400 0.0371122 0.142175 -0.105063
4500 0.0365034 0.140898 -0.104395
4600 0.0359176 0.139689 -0.103772
4700 0.0353557 0.13853 -0.103175
4800 0.0348223 0.137423 -0.102601
4900 0.034313 0.136362 -0.102049
5000 0.0338181 0.13534 -0.101522
5100 0.0333503 0.134375 -0.101024
5200 0.0329679 0.133439 -0.100471
5300 0.0325365 0.132552 -0.100016
5400 0.0321294 0.131702 -0.0995722
5500 0.0317445 0.130899 -0.0991548
5600 0.0313872 0.13015 -0.0987629
5700 0.0310869 0.129458 -0.0983713
5800 0.0307761 0.128806 -0.09803
5900 0.0304923 0.128221 -0.0977286
6000 0.0302377 0.127675 -0.097437
6100 0.0300157 0.127204 -0.0971879
6200 0.0298285 0.126807 -0.0969787
6300 0.0296811 0.126506 -0.0968245
6400 0.0295799 0.12627 -0.0966899
6500 0.0295316 0.126148 -0.0966162
6600 0.0295428 0.12616 -0.0966169
6700 0.0296419 0.126332 -0.0966901
6800 0.0298273 0.12671 -0.0968826
6900 0.0301341 0.127353 -0.0972189
7000 0.0305948 0.128328 -0.0977333
7100 0.031239 0.129713 -0.0984741
7200 0.0320483 0.131532 -0.099484
7300 0.0328693 0.133418 -0.100549
7400 0.0334066 0.134617 -0.101211
7500 0.0335147 0.134793 -0.101279
7600 0.0333043 0.134252 -0.100948
7700 0.0329243 0.133365 -0.100441
7800 0.0324169 0.132228 -0.099811
7900 0.0318198 0.130925 -0.0991053
8000 0.0311902 0.129539 -0.0983488
8100 0.0305967 0.128256 -0.097659
8200 0.0300763 0.127151 -0.0970744
8300 0.0296154 0.126191 -0.0965752
8400 0.0291824 0.125277 -0.0960949
8500 0.0287501 0.12436 -0.0956103
8600 0.0283365 0.123478 -0.0951417
8700 0.0279671 0.122694 -0.0947265
8800 0.0276647 0.122043 -0.0943785
8900 0.0274187 0.121529 -0.0941106
9000 0.0272216 0.121124 -0.0939027
9100 0.0270602 0.120789 -0.093729
9200 0.0269178 0.120502 -0.0935838
9300 0.0268641 0.120202 -0.0933378
9400 0.0267046 0.119874 -0.0931698
9500 0.0265253 0.119494 -0.0929688
9600 0.0263264 0.119073 -0.092747
9700 0.0261159 0.118621 -0.0925053
9800 0.0259051 0.118173 -0.092268
9900 0.0257058 0.117765 -0.0920587
10000 0.0255233 0.117377 -0.0918539
10100 0.02536 0.117041 -0.0916806
10200 0.0252045 0.116692 -0.0914878
10300 0.0250506 0.116362 -0.0913111
10400 0.0248911 0.116027 -0.0911355
10500 0.0247337 0.115674 -0.0909407
10600 0.0245589 0.115315 -0.0907562
10700 0.0243861 0.114947 -0.0905614
10800 0.024218 0.114592 -0.0903742
10900 0.0240801 0.114264 -0.0901839
11000 0.0239363 0.113967 -0.0900308
11100 0.0237988 0.113685 -0.0898858
11200 0.0236647 0.113393 -0.0897282
11300 0.0235322 0.113096 -0.0895636
11400 0.0233889 0.112792 -0.0894033
11500 0.0232363 0.112478 -0.0892413
11600 0.0230912 0.112169 -0.0890782
11700 0.0229563 0.111883 -0.088927
11800 0.0228623 0.111629 -0.0887671
11900 0.0227715 0.111416 -0.088645
12000 0.0227024 0.111276 -0.0885733
12100 0.0226883 0.111187 -0.0884988
12200 0.0226819 0.111171 -0.0884887
12300 0.022707 0.111224 -0.0885171
12400 0.0227566 0.111328 -0.0885714
12500 0.0228102 0.111443 -0.0886328
12600 0.0228456 0.111512 -0.0886662
12700 0.0228593 0.111527 -0.0886682
12800 0.0228501 0.11152 -0.0886702
12900 0.0228574 0.111521 -0.0886635
13000 0.0228802 0.11156 -0.08868
13100 0.0229288 0.111649 -0.08872
13200 0.0230089 0.111797 -0.0887885
13300 0.0231268 0.11204 -0.0889128
13400 0.0232806 0.112358 -0.0890774
13500 0.0234514 0.112712 -0.0892606
13600 0.0236194 0.113051 -0.0894316
13700 0.0237897 0.113391 -0.0896018
13800 0.0239907 0.113781 -0.08979
13900 0.0242492 0.114322 -0.0900726
14000 0.0245817 0.115038 -0.0904568
14100 0.0249554 0.115819 -0.0908636
14200 0.0253562 0.116625 -0.0912689
14300 0.0258104 0.117586 -0.0917758
14400 0.0263314 0.118725 -0.0923941
14500 0.0268052 0.119832 -0.0930266
14600 0.0271667 0.120613 -0.0934462
14700 0.0273315 0.120928 -0.0935968
14800 0.027349 0.120908 -0.093559
14900 0.0272973 0.120755 -0.0934573
15000 0.0272356 0.120591 -0.0933552
15100 0.0272116 0.120518 -0.0933065
15200 0.0271932 0.120504 -0.0933106
15300 0.0271418 0.120415 -0.0932734
15400 0.0269962 0.120126 -0.0931303
15500 0.0266919 0.119479 -0.0927872
15600 0.0262634 0.118521 -0.0922571
15700 0.0258064 0.117518 -0.091712
15800 0.0253709 0.116586 -0.0912146
15900 0.0249731 0.115736 -0.090763
16000 0.0246178 0.114981 -0.0903632
16100 0.0243177 0.114336 -0.0900187
16200 0.0240804 0.113836 -0.0897556
16300 0.0239088 0.113484 -0.0895751
16400 0.0237962 0.113244 -0.0894482
16500 0.023704 0.113064 -0.0893604
16600 0.023608 0.112879 -0.0892711
16700 0.0234764 0.112606 -0.0891294
16800 0.0232961 0.112224 -0.088928
16900 0.0230904 0.111781 -0.0886901
17000 0.0228858 0.111348 -0.088462
17100 0.0227037 0.110955 -0.0882514
17200 0.0225559 0.110642 -0.0880865
17300 0.0224486 0.110417 -0.0879688
17400 0.0223823 0.110274 -0.0878915
17500 0.0223499 0.110212 -0.0878621
17600 0.0223427 0.110204 -0.0878618
17700 0.0223405 0.110209 -0.0878681
17800 0.0223229 0.110167 -0.0878442
17900 0.022297 0.110097 -0.0878
18000 0.0223056 0.110062 -0.0877569
18100 0.0223257 0.110095 -0.0877696
18200 0.022385 0.110217 -0.0878317
18300 0.0224789 0.11041 -0.087931
18400 0.0225952 0.110664 -0.0880691
18500 0.0227274 0.110943 -0.088216
18600 0.0228594 0.111224 -0.0883646
18700 0.0229762 0.111481 -0.0885051
18800 0.0230546 0.111668 -0.0886129
18900 0.0230386 0.111637 -0.0885984
19000 0.0229372 0.11133 -0.0883932
19100 0.0227626 0.110956 -0.0881936
19200 0.0226139 0.110633 -0.0880195
19300 0.0224917 0.110371 -0.0878796
19400 0.0223991 0.110174 -0.0877751
19500 0.022341 0.110051 -0.0877097
19600 0.022325 0.110015 -0.0876897
19700 0.0223506 0.110073 -0.0877225
19800 0.0224217 0.110217 -0.0877951
19900 0.0224929 0.110376 -0.0878835
20000 0.0225434 0.110471 -0.0879271
20100 0.0225897 0.110543 -0.0879536
20200 0.0226552 0.110668 -0.0880132
20300 0.022738 0.110849 -0.0881105
20400 0.0228279 0.111014 -0.0881864
20500 0.0229209 0.1112 -0.0882789
20600 0.0230237 0.1114 -0.0883759
20700 0.023149 0.11165 -0.0885013
20800 0.0233049 0.111971 -0.088666
20900 0.0234913 0.11236 -0.0888689
21000 0.0237051 0.112796 -0.0890909
21100 0.023953 0.113313 -0.08936
21200 0.0242488 0.113926 -0.0896775
21300 0.02459 0.114654 -0.0900635
21400 0.0249472 0.115416 -0.0904685
21500 0.0253102 0.116188 -0.090878
21600 0.0256852 0.116996 -0.0913109
21700 0.026042 0.117761 -0.0917194
21800 0.0263276 0.118363 -0.0920357
21900 0.0265135 0.11873 -0.0922162
22000 0.0266182 0.118904 -0.0922862
22100 0.0266811 0.119002 -0.0923206
22200 0.0267286 0.119082 -0.092353
22300 0.0267457 0.119087 -0.0923416
22400 0.0266973 0.118969 -0.0922718
22500 0.0266073 0.118752 -0.0921443
22600 0.0265122 0.118529 -0.0920169
22700 0.0264622 0.118372 -0.0919098
22800 0.0264326 0.118311 -0.0918787
22900 0.0264492 0.118363 -0.0919135
23000 0.0264845 0.118466 -0.0919816
23100 0.0264726 0.118443 -0.0919705
23200 0.0263967 0.118281 -0.0918841
23300 0.0262804 0.118058 -0.0917773
23400 0.0261508 0.117784 -0.0916332
23500 0.0259851 0.117449 -0.0914641
23600 0.025812 0.117074 -0.0912615
23700 0.0255992 0.116686 -0.091087
23800 0.0254307 0.116328 -0.0908972
23900 0.0253136 0.116075 -0.0907616
24000 0.0252575 0.115957 -0.0906999
24100 0.0252607 0.115971 -0.0907098
24200 0.0253093 0.116086 -0.0907769
24300 0.0253962 0.116282 -0.0908856
24400 0.025499 0.116513 -0.0910139
24500 0.0255661 0.116678 -0.0911124
24600 0.0256167 0.116761 -0.0911447
24700 0.0256811 0.116886 -0.091205
24800 0.0257736 0.117085 -0.0913115
24900 0.025877 0.117314 -0.0914366
25000 0.0259683 0.117518 -0.0915497
25100 0.0260092 0.117609 -0.0915995
25200 0.0259723 0.117516 -0.0915434
25300 0.0258815 0.117297 -0.0914151
25400 0.0257867 0.117091 -0.091304
25500 0.0256969 0.11696 -0.0912628
25600 0.0257305 0.116952 -0.0912214
25700 0.0257806 0.117069 -0.0912883
25800 0.0258611 0.117241 -0.0913801
25900 0.0259351 0.117392 -0.0914572
26000 0.025984 0.117504 -0.0915203
26100 0.026045 0.11762 -0.0915749
26200 0.0261129 0.117758 -0.0916454
26300 0.0261886 0.117908 -0.0917194
26400 0.0262707 0.118072 -0.0918016
26500 0.0263598 0.118254 -0.091894
26600 0.0264298 0.118432 -0.0920023
26700 0.0265177 0.118609 -0.0920911
26800 0.0266109 0.1188 -0.0921893
26900 0.0267 0.118979 -0.0922789
27000 0.0267902 0.119146 -0.0923563
27100 0.0268915 0.119344 -0.0924521
27200 0.0270391 0.119631 -0.0925923
27300 0.0272379 0.12005 -0.0928124
27400 0.0274842 0.120591 -0.0931068
27500 0.0277792 0.121211 -0.0934314
27600 0.028069 0.121833 -0.0937645
27700 0.0283109 0.122331 -0.0940205
27800 0.0284978 0.1227 -0.0942027
27900 0.0286685 0.123034 -0.0943658
28000 0.0288516 0.12341 -0.0945584
28100 0.0290587 0.123829 -0.0947698
28200 0.0292925 0.124305 -0.0950129
28300 0.0295116 0.124768 -0.0952566
28400 0.0296987 0.125146 -0.0954471
28500 0.0298719 0.125504 -0.0956322
28600 0.0300596 0.12591 -0.0958502
28700 0.0302486 0.126333 -0.0960846
28800 0.0304103 0.126681 -0.0962711
28900 0.0305332 0.126955 -0.0964222
29000 0.0306371 0.127104 -0.0964666
29100 0.0307271 0.127167 -0.0964394
29200 0.0307496 0.127174 -0.0964248
29300 0.0307439 0.127159 -0.0964154
29400 0.0307272 0.127119 -0.0963919
29500 0.0306945 0.127047 -0.0963528
29600 0.0306467 0.126961 -0.0963145
29700 0.0305907 0.126784 -0.0961931
29800 0.0304958 0.126569 -0.0960732
29900 0.0303942 0.126333 -0.0959387
30000 0.0303084 0.126133 -0.0958244
30100 0.0302576 0.125992 -0.0957346
30200 0.0301987 0.125878 -0.0956789
30300 0.0301342 0.125738 -0.0956038
30400 0.0300788 0.125608 -0.0955294
30500 0.0300718 0.125597 -0.0955251
30600 0.0300738 0.125694 -0.0956201
30700 0.0301429 0.125788 -0.095645
30800 0.0301505 0.125814 -0.095664
30900 0.0301447 0.125819 -0.095674
31000 0.0301233 0.125797 -0.0956733
31100 0.0300805 0.125664 -0.0955831
31200 0.0299442 0.12537 -0.0954257
31300 0.029719 0.12489 -0.0951712
31400 0.0294292 0.124262 -0.0948329
31500 0.029129 0.123591 -0.094462
31600 0.0288346 0.122961 -0.0941261
31700 0.0285761 0.122415 -0.0938388
31800 0.0283597 0.121963 -0.0936031
31900 0.0281842 0.121599 -0.0934151
32000 0.0280456 0.121304 -0.0932584
32100 0.0279309 0.121061 -0.0931297
32200 0.0278475 0.120883 -0.0930358
32300 0.027803 0.12079 -0.0929872
32400 0.027801 0.12079 -0.0929892
32500 0.0278334 0.12087 -0.0930361
32600 0.0278828 0.120983 -0.0931007
32700 0.0279243 0.121079 -0.0931549
32800 0.0279437 0.121125 -0.0931812
32900 0.0279462 0.121126 -0.0931797
33000 0.0279624 0.121164 -0.0932011
33100 0.0280026 0.121246 -0.093243
33200 0.0280597 0.121368 -0.0933083
33300 0.0281225 0.121497 -0.0933749
33400 0.0281764 0.121611 -0.0934343
33500 0.0282177 0.121697 -0.0934789
33600 0.0282537 0.121773 -0.0935196
33700 0.0282757 0.121831 -0.0935548
33800 0.0282752 0.121829 -0.0935541
33900 0.0282587 0.121784 -0.0935256
34000 0.0282355 0.121729 -0.0934936
34100 0.0282082 0.121664 -0.0934562
34200 0.0281835 0.121602 -0.0934187
34300 0.0281726 0.121573 -0.0934003
34400 0.0281806 0.12159 -0.0934094
34500 0.0282177 0.121674 -0.093456
34600 0.0282774 0.121797 -0.0935194
34700 0.0283384 0.121944 -0.0936054
34800 0.0284229 0.122115 -0.0936916
34900 0.0285243 0.122338 -0.0938135
35000 0.0286524 0.122629 -0.0939764
35100 0.0287797 0.122901 -0.0941216
35200 0.0288669 0.123066 -0.0941996
35300 0.0289023 0.123113 -0.0942111
35400 0.0289567 0.123153 -0.0941958
35500 0.0290427 0.123326 -0.0942831
35600 0.0291989 0.123682 -0.094483
35700 0.029412 0.124156 -0.0947439
35800 0.029622 0.124613 -0.0949909
35900 0.0298035 0.124994 -0.0951902
36000 0.0299525 0.125311 -0.0953587
36100 0.0300601 0.125533 -0.0954732
36200 0.030159 0.125694 -0.0955351
36300 0.0302843 0.125952 -0.095668
36400 0.0304439 0.126287 -0.0958434
36500 0.0306103 0.126649 -0.0960383
36600 0.0307487 0.126944 -0.0961951
36700 0.0308476 0.127136 -0.0962884
36800 0.0308935 0.127233 -0.0963396
36900 0.0309369 0.127295 -0.0963584
37000 0.0310072 0.127436 -0.0964289
37100 0.0311305 0.127691 -0.0965609
37200 0.0312616 0.127984 -0.0967221
37300 0.0313579 0.128203 -0.0968455
37400 0.0313879 0.12826 -0.0968717
37500 0.0313466 0.12815 -0.0968032
37600 0.0312875 0.128003 -0.0967154
37700 0.0312344 0.127884 -0.0966498
37800 0.0311828 0.127774 -0.0965908
37900 0.0311354 0.127674 -0.0965383
38000 0.0311023 0.127601 -0.0964988
38100 0.0310878 0.127573 -0.0964852
38200 0.0310955 0.127567 -0.0964719
38300 0.0310901 0.12756 -0.0964694
38400 0.0310754 0.127535 -0.0964592
38500 0.0310422 0.127456 -0.0964143
38600 0.0310006 0.127356 -0.0963551
38700 0.0309668 0.127285 -0.0963179
38800 0.0309508 0.127259 -0.0963079
38900 0.0309357 0.127238 -0.0963022
39000 0.0308808 0.127169 -0.0962882
39100 0.0308267 0.127068 -0.0962412
39200 0.0307605 0.126945 -0.0961842
39300 0.0306509 0.126724 -0.0960731
39400 0.0304763 0.126351 -0.0958746
39500 0.0303137 0.125982 -0.0956679
39600 0.0302007 0.125729 -0.0955284
39700 0.0301423 0.125628 -0.0954861
39800 0.0301448 0.125627 -0.0954826
39900 0.0301802 0.125713 -0.0955324
40000 0.0302074 0.125795 -0.0955878
40100 0.0302093 0.125766 -0.0955563
40200 0.0302177 0.1257 -0.0954828
40300 0.0302086 0.125664 -0.0954553
40400 0.0302477 0.125739 -0.0954911
40500 0.0303385 0.125933 -0.0955945
40600 0.0304697 0.126222 -0.0957524
40700 0.030608 0.126532 -0.0959241
40800 0.0307007 0.126735 -0.0960341
40900 0.0307465 0.126818 -0.0960713
41000 0.030815 0.126875 -0.0960598
41100 0.0308529 0.126958 -0.0961056
41200 0.0308929 0.127046 -0.0961529
41300 0.0309304 0.12712 -0.0961894
41400 0.0309726 0.127215 -0.0962422
41500 0.0310125 0.127297 -0.0962848
41600 0.0310222 0.127316 -0.0962935
41700 0.0310125 0.127288 -0.096275
41800 0.0310002 0.127247 -0.0962469
41900 0.0310113 0.127266 -0.096255
42000 0.0310428 0.127351 -0.0963083
42100 0.0311002 0.127482 -0.096382
42200 0.0311581 0.127608 -0.0964495
42300 0.0312201 0.127727 -0.0965065
42400 0.0313027 0.127902 -0.0965998
42500 0.0313841 0.128082 -0.096698
42600 0.0314778 0.128278 -0.0967998
42700 0.0315824 0.128507 -0.0969247
42800 0.0316756 0.128706 -0.09703
42900 0.0317625 0.12888 -0.0971173
43000 0.0318708 0.129111 -0.0972405
43100 0.0320104 0.129299 -0.0972888
43200 0.0320513 0.12937 -0.0973191
43300 0.0321102 0.129421 -0.0973103
43400 0.03218 0.129542 -0.0973624
43500 0.0323123 0.129807 -0.097495
43600 0.0325286 0.13024 -0.0977117
43700 0.0327791 0.130769 -0.0979896
43800 0.0329849 0.131239 -0.0982537
43900 0.0331135 0.131488 -0.098374
44000 0.033116 0.131476 -0.0983604
44100 0.0330322 0.131267 -0.0982349
44200 0.0329202 0.130995 -0.098075
44300 0.0328363 0.130788 -0.0979518
44400 0.0328031 0.130714 -0.0979113
44500 0.0328108 0.130737 -0.0979264
44600 0.0328394 0.130805 -0.0979655
44700 0.0328722 0.130874 -0.0980017
44800 0.0329016 0.130942 -0.0980403
44900 0.0329305 0.131006 -0.0980759
45000 0.0329421 0.131028 -0.0980861
45100 0.0329258 0.130985 -0.0980594
45200 0.0329113 0.130934 -0.0980223
45300 0.0329284 0.130966 -0.0980375
45400 0.032974 0.131069 -0.0980954
45500 0.0330283 0.131192 -0.0981634
45600 0.0330773 0.131297 -0.0982196
45700 0.0331125 0.131357 -0.098245
45800 0.0331402 0.131394 -0.098254
45900 0.0331897 0.131492 -0.0983022
46000 0.0332702 0.13164 -0.0983695
46100 0.0333519 0.13181 -0.098458
46200 0.0334396 0.131997 -0.0985576
46300 0.0335335 0.132201 -0.0986674
46400 0.0336272 0.132405 -0.0987781
46500 0.033709 0.132583 -0.0988739
46600 0.0337734 0.132724 -0.0989502
46700 0.0338038 0.132799 -0.0989952
46800 0.0337952 0.132767 -0.098972
46900 0.0337402 0.132646 -0.0989055
47000 0.0336576 0.132468 -0.0988099
47100 0.0335569 0.132247 -0.0986898
47200 0.0334405 0.131987 -0.0985469
47300 0.0333338 0.131731 -0.0983967
47400 0.0332336 0.131523 -0.0982897
47500 0.0331542 0.131367 -0.0982128
47600 0.0331054 0.131251 -0.0981454
47700 0.0330894 0.131217 -0.0981271
47800 0.0331208 0.131283 -0.0981618
47900 0.0331271 0.131436 -0.0983091
48000 0.0331796 0.131568 -0.0983888
48100 0.0332079 0.13162 -0.0984126
48200 0.0331868 0.131569 -0.0983825
48300 0.033131 0.131445 -0.0983137
48400 0.0330967 0.13126 -0.0981635
48500 0.0330219 0.131101 -0.0980792
48600 0.0329944 0.131046 -0.0980516
48700 0.0330242 0.131103 -0.0980793
48800 0.033107 0.13129 -0.0981832
48900 0.0332538 0.131582 -0.0983281
49000 0.0334006 0.131918 -0.0985175
49100 0.0335168 0.132174 -0.0986572
49200 0.0335897 0.132295 -0.0987052
49300 0.0335971 0.132345 -0.0987476
49400 0.0336419 0.132437 -0.0987948
49500 0.0337412 0.132626 -0.0988846
49600 0.0338596 0.132906 -0.0990467
49700 0.033972 0.133167 -0.0991953
49800 0.0340336 0.133291 -0.0992571
49900 0.0340522 0.133315 -0.0992626
50000 0.0340645 0.133347 -0.0992824
50100 0.0340843 0.133403 -0.0993185
50200 0.0340808 0.133407 -0.0993262
50300 0.0340544 0.133324 -0.0992699
50400 0.0340114 0.13322 -0.099209
50500 0.0339668 0.133115 -0.0991478
50600 0.0339256 0.133025 -0.0990995
50700 0.0338916 0.13293 -0.099038
50800 0.0338818 0.132908 -0.0990258
50900 0.0339145 0.132996 -0.0990817
51000 0.0339838 0.133154 -0.0991698
51100 0.0340555 0.133326 -0.0992707
51200 0.0340849 0.133401 -0.0993156
51300 0.0340518 0.133321 -0.0992689
51400 0.0339739 0.133139 -0.0991656
51500 0.0339022 0.13296 -0.0990579
51600 0.0338727 0.132885 -0.0990125
51700 0.0338995 0.132966 -0.0990669
51800 0.0339721 0.1331 -0.0991279
51900 0.0340688 0.133314 -0.0992453
52000 0.0341761 0.133557 -0.0993809
52100 0.0342781 0.133785 -0.0995064
52200 0.0343509 0.133942 -0.0995908
52300 0.0343807 0.134013 -0.099632
52400 0.0343636 0.13398 -0.0996163
52500 0.0343043 0.133852 -0.0995477
52600 0.0342229 0.133652 -0.0994295
52700 0.0341551 0.133494 -0.0993384
52800 0.0341242 0.133423 -0.0992992
52900 0.0341271 0.133436 -0.0993086
53000 0.0341449 0.133481 -0.0993361
53100 0.0341613 0.133501 -0.0993392
53200 0.0341548 0.133489 -0.0993338
53300 0.0341466 0.133464 -0.0993176
53400 0.0341341 0.133434 -0.0993002
53500 0.0341293 0.13341 -0.0992806
53600 0.0341634 0.133485 -0.0993214
53700 0.0342412 0.133629 -0.0993882
53800 0.0343054 0.133772 -0.099467
53900 0.0343427 0.133854 -0.0995117
54000 0.0343767 0.133922 -0.0995454
54100 0.0344268 0.134007 -0.09958
54200 0.0344963 0.134156 -0.0996595
54300 0.0345801 0.134344 -0.0997636
54400 0.0346637 0.134521 -0.0998569
54500 0.0347422 0.134687 -0.0999452
54600 0.0348216 0.134855 -0.100034
54700 0.0348973 0.135026 -0.100129
54800 0.034956 0.135136 -0.10018
54900 0.0349621 0.13515 -0.100188
55000 0.0349236 0.135037 -0.100113
55100 0.0348521 0.134856 -0.100004
55200 0.0347939 0.134713 -0.0999188
55300 0.0347865 0.134681 -0.099895
55400 0.0348475 0.134812 -0.0999649
55500 0.0349723 0.135085 -0.100113
55600 0.0351377 0.135446 -0.100308
55700 0.0353132 0.135836 -0.100523
55800 0.0354698 0.1362 -0.10073
55900 0.0355768 0.136443 -0.100866
56000 0.0355831 0.136469 -0.100886
56100 0.0354577 0.136169 -0.100711
56200 0.0352704 0.135727 -0.100457
56300 0.0351137 0.135375 -0.100262
56400 0.0350266 0.135194 -0.100167
56500 0.035017 0.135167 -0.10015
56600 0.0350294 0.135238 -0.100209
56700 0.0350529 0.1353 -0.100247
56800 0.0350627 0.13531 -0.100247
56900 0.0350427 0.13528 -0.100237
57000 0.0350217 0.135201 -0.100179
57100 0.035032 0.135229 -0.100197
57200 0.0350568 0.135298 -0.100241
57300 0.0350675 0.135333 -0.100266
57400 0.0350553 0.135306 -0.10025
57500 0.03503 0.135243 -0.100213
57600 0.0350206 0.135206 -0.100185
57700 0.0350516 0.13528 -0.100229
57800 0.0351322 0.13544 -0.100308
57900 0.035251 0.135703 -0.100452
58000 0.0353631 0.135941 -0.100578
58100 0.0354763 0.136141 -0.100664
58200 0.0356089 0.136452 -0.100843
58300 0.0357681 0.136769 -0.101001
58400 0.0359113 0.13709 -0.101178
58500 0.0359957 0.137281 -0.101286
58600 0.0359998 0.137287 -0.101287
58700 0.0359088 0.137086 -0.101177
58800 0.0357663 0.136745 -0.100979
58900 0.0355896 0.136346 -0.100756
59000 0.0354272 0.135966 -0.100539
59100 0.0352652 0.135635 -0.100369
59200 0.0351142 0.135321 -0.100207
59300 0.0349836 0.135044 -0.100061
59400 0.0348824 0.134831 -0.0999486
59500 0.0348139 0.134691 -0.0998768
59600 0.0347956 0.13464 -0.0998443
59700 0.0348016 0.134667 -0.0998657
59800 0.0348176 0.134737 -0.0999194
59900 0.0348113 0.134718 -0.0999064
60000 0.0347848 0.134645 -0.0998602
60100 0.0347582 0.134586 -0.099828
60200 0.0347392 0.134536 -0.0997969
60300 0.0347424 0.134546 -0.0998034
60400 0.0347635 0.134592 -0.0998285
60500 0.0347882 0.134646 -0.0998574
60600 0.0348199 0.134696 -0.0998761
60700 0.0348808 0.13482 -0.0999394
60800 0.0349769 0.135027 -0.10005
60900 0.0350955 0.135295 -0.100199
61000 0.0352121 0.135549 -0.100337
61100 0.0352978 0.135752 -0.100454
61200 0.0353207 0.135799 -0.100479
61300 0.0352779 0.135706 -0.100428
61400 0.0352027 0.135536 -0.100333
61500 0.0351114 0.135344 -0.100232
61600 0.0350451 0.135204 -0.100159
61700 0.0350046 0.135117 -0.100112
61800 0.0349786 0.135065 -0.100087
61900 0.0349659 0.135034 -0.100069
62000 0.0349775 0.135066 -0.100088
62100 0.0350068 0.135144 -0.100137
62200 0.0350291 0.135202 -0.100173
62300 0.0350322 0.135218 -0.100185
62400 0.0350146 0.135175 -0.10016
62500 0.0349836 0.135118 -0.100135
62600 0.0349395 0.135035 -0.100096
62700 0.0348754 0.134905 -0.10003
62800 0.0347654 0.134684 -0.0999183
62900 0.0346054 0.13433 -0.0997245
63000 0.0344263 0.133929 -0.0995031
63100 0.0342674 0.133589 -0.0993212
63200 0.0341508 0.133348 -0.0991971
63300 0.0340803 0.133194 -0.0991139
63400 0.0340716 0.133184 -0.0991123
63500 0.034116 0.13331 -0.099194
63600 0.0341848 0.13347 -0.0992849
63700 0.0342533 0.133619 -0.0993653
63800 0.0343228 0.133766 -0.0994432
63900 0.0343806 0.133892 -0.0995113
64000 0.0344245 0.133986 -0.0995611
64100 0.034511 0.134003 -0.0994921
64200 0.034529 0.134013 -0.0994844
64300 0.0345545 0.134071 -0.099516
64400 0.0345966 0.134159 -0.0995626
64500 0.0346459 0.134272 -0.0996264
64600 0.0346985 0.134376 -0.0996773
64700 0.0347587 0.134496 -0.0997378
64800 0.0348151 0.134623 -0.0998077
64900 0.0348397 0.134657 -0.0998169
65000 0.0348347 0.134629 -0.0997947
65100 0.0348309 0.134602 -0.0997708
65200 0.0348472 0.134632 -0.0997852
65300 0.0348866 0.134719 -0.0998319
65400 0.0349223 0.134824 -0.0999012
65500 0.0349591 0.134915 -0.0999557
65600 0.0349963 0.134984 -0.0999882
65700 0.0350351 0.135078 -0.100043
65800 0.035086 0.135195 -0.100109
65900 0.0351161 0.135266 -0.10015
66000 0.0350901 0.135203 -0.100113
66100 0.0350602 0.135089 -0.100029
66200 0.0350515 0.135053 -0.100001
66300 0.0350915 0.135129 -0.100038
66400 0.0351715 0.135302 -0.100131
66500 0.035274 0.135519 -0.100245
66600 0.0353795 0.135749 -0.10037
66700 0.035413 0.135889 -0.100476
66800 0.0353931 0.135852 -0.100459
66900 0.0352992 0.135644 -0.100344
67000 0.035169 0.135349 -0.10018
67100 0.0350516 0.135094 -0.100043
67200 0.0349744 0.13494 -0.0999659
67300 0.0349101 0.134857 -0.0999468
67400 0.0348712 0.134779 -0.0999078
67500 0.0348343 0.13471 -0.0998755
67600 0.0347848 0.134616 -0.0998316
67700 0.0346865 0.134426 -0.0997392
67800 0.0345191 0.134096 -0.0995771
67900 0.0343358 0.1337 -0.0993639
68000 0.03417 0.133326 -0.0991558
68100 0.0340242 0.133024 -0.0989995
68200 0.0339116 0.132787 -0.0988754
68300 0.0338351 0.132632 -0.0987973
68400 0.0337639 0.132537 -0.0987726
68500 0.0337429 0.132504 -0.0987611
68600 0.0337641 0.132513 -0.0987494
68700 0.0337855 0.132575 -0.0987891
68800 0.0338372 0.132691 -0.0988537
68900 0.0339083 0.13286 -0.0989514
69000 0.0340023 0.13307 -0.0990675
69100 0.0340889 0.133257 -0.099168
69200 0.0341486 0.133398 -0.0992492
69300 0.0342051 0.133511 -0.099306
69400 0.0342616 0.133625 -0.099363
69500 0.0343398 0.133789 -0.0994495
69600 0.0344583 0.134059 -0.0996011
69700 0.0345939 0.13437 -0.0997763
69800 0.0346907 0.134575 -0.0998844
69900 0.0347305 0.134639 -0.0999085
70000 0.034748 0.13465 -0.0999025
70100 0.0347818 0.134704 -0.099922
70200 0.0348495 0.134836 -0.0999869
70300 0.0349593 0.135068 -0.100108
70400 0.0351022 0.135363 -0.10026
70500 0.035212 0.135612 -0.1004
70600 0.0352503 0.135685 -0.100435
70700 0.0352364 0.135544 -0.100307
70800 0.0351308 0.135305 -0.100175
70900 0.0350317 0.135096 -0.100065
71000 0.0349538 0.134917 -0.0999632
71100 0.034894 0.134792 -0.0998982
71200 0.0348727 0.134755 -0.0998822
71300 0.0348812 0.134788 -0.0999069
71400 0.034913 0.134885 -0.099972
71500 0.0349259 0.134958 -0.100032
71600 0.034843 0.134802 -0.0999587
71700 0.0346504 0.134379 -0.099729
71800 0.0344019 0.133836 -0.0994336
71900 0.0341669 0.13329 -0.0991228
72000 0.0339407 0.132804 -0.0988636
72100 0.0337693 0.132432 -0.098663
72200 0.0336525 0.132193 -0.0985403
72300 0.033591 0.132073 -0.0984819
72400 0.0335795 0.132071 -0.0984917
72500 0.0336061 0.132157 -0.0985514
72600 0.0336444 0.13227 -0.0986259
72700 0.0336455 0.132299 -0.0986536
72800 0.0335725 0.132123 -0.0985503
72900 0.0334792 0.13191 -0.0984308
73000 0.0334226 0.131793 -0.0983701
73100 0.0333838 0.131748 -0.0983642
73200 0.0333135 0.131621 -0.0983073
73300 0.0331738 0.131308 -0.0981345
73400 0.0330078 0.130939 -0.0979307
73500 0.0328667 0.130629 -0.0977624
73600 0.0328045 0.130382 -0.0975779
73700 0.0327132 0.130192 -0.0974786
73800 0.0326608 0.130087 -0.0974265
73900 0.0326418 0.130051 -0.0974095
74000 0.0326519 0.130071 -0.0974191
74100 0.0327046 0.130186 -0.0974809
74200 0.0327995 0.130413 -0.0976138
74300 0.0329169 0.130686 -0.0977689
74400 0.0330146 0.130918 -0.0979038
74500 0.0330526 0.13101 -0.0979573
74600 0.0330182 0.130919 -0.097901
74700 0.0329582 0.130769 -0.097811
74800 0.0328847 0.130612 -0.0977274
74900 0.0327947 0.130422 -0.0976269
75000 0.032692 0.130209 -0.0975171
75100 0.0325836 0.129967 -0.0973833
75200 0.0324787 0.12975 -0.0972709
75300 0.0323795 0.12955 -0.09717
75400 0.0322795 0.129337 -0.0970575
75500 0.0321867 0.129125 -0.0969379
75600 0.032107 0.128951 -0.0968444
75700 0.0320686 0.128877 -0.0968085
75800 0.0320699 0.128891 -0.0968213
75900 0.0320827 0.128922 -0.096839
76000 0.0320892 0.128931 -0.0968415
76100 0.0321097 0.128962 -0.0968521
76200 0.0321591 0.129073 -0.0969141
76300 0.0322415 0.129243 -0.0970018
76400 0.0323337 0.129464 -0.0971303
76500 0.0323915 0.129643 -0.0972518
76600 0.032431 0.129733 -0.0973018
76700 0.0324433 0.129763 -0.0973194
76800 0.0324259 0.129716 -0.09729
76900 0.0324173 0.129665 -0.097248
77000 0.032426 0.129669 -0.0972434
77100 0.0324692 0.129763 -0.0972941
77200 0.0325576 0.129923 -0.0973658
77300 0.0326512 0.130126 -0.0974747
77400 0.0327277 0.130306 -0.0975783
77500 0.0327388 0.130334 -0.0975948
77600 0.0326666 0.130163 -0.0974961
77700 0.0325525 0.129903 -0.09735
77800 0.0324498 0.129656 -0.0972066
77900 0.0323552 0.129463 -0.0971081
78000 0.0322853 0.129335 -0.0970501
78100 0.0322115 0.129203 -0.0969912
78200 0.032098 0.128971 -0.0968732
78300 0.0319573 0.128667 -0.0967102
78400 0.0318335 0.128382 -0.0965482
78500 0.0317298 0.128173 -0.0964435
78600 0.0316546 0.128041 -0.096386
78700 0.0315885 0.127926 -0.0963374
78800 0.0314987 0.127747 -0.0962481
78900 0.0313711 0.127467 -0.0960962
79000 0.0312353 0.127156 -0.0959203
79100 0.0311446 0.126938 -0.0957936
79200 0.0311171 0.126889 -0.0957722
79300 0.0311481 0.126953 -0.0958045
79400 0.0312106 0.127094 -0.0958832
79500 0.0312775 0.127248 -0.0959707
79600 0.0313243 0.12736 -0.0960357
79700 0.0313453 0.127407 -0.0960616
79800 0.0313327 0.127385 -0.0960525
79900 0.0312845 0.127271 -0.0959866
80000 0.0312272 0.127134 -0.095907
80100 0.0311971 0.127066 -0.0958691
80200 0.031208 0.127086 -0.0958779
80300 0.0312537 0.127199 -0.0959456
80400 0.0313065 0.127331 -0.0960248
80500 0.031327 0.127386 -0.0960587
80600 0.0312975 0.127311 -0.0960131
80700 0.0312421 0.12718 -0.0959381
80800 0.0311948 0.127079 -0.0958846
80900 0.0311601 0.127017 -0.0958572
81000 0.0311107 0.126919 -0.0958086
81100 0.0310322 0.126758 -0.0957263
81200 0.0309351 0.126524 -0.095589
81300 0.0308031 0.126223 -0.0954195
81400 0.0306793 0.125949 -0.0952698
81500 0.0305861 0.125749 -0.0951626
81600 0.0305323 0.125646 -0.0951137
81700 0.0305274 0.12559 -0.0950629
81800 0.0305083 0.125554 -0.0950459
81900 0.0305056 0.125544 -0.0950383
82000 0.0305163 0.125572 -0.0950555
82100 0.0305373 0.125624 -0.095087
82200 0.0305555 0.125672 -0.0951168
82300 0.0305586 0.12567 -0.0951114
82400 0.0305472 0.125626 -0.095079
82500 0.0305485 0.125611 -0.0950621
82600 0.0305964 0.125702 -0.095106
82700 0.0306958 0.125914 -0.0952183
82800 0.0308468 0.126254 -0.095407
82900 0.0310604 0.126657 -0.0955969
83000 0.0312792 0.127129 -0.0958497
83100 0.0315153 0.127643 -0.0961275
83200 0.0317396 0.128128 -0.0963885
83300 0.0318868 0.128439 -0.0965519
83400 0.0319448 0.128533 -0.0965882
83500 0.0319785 0.12857 -0.0965912
83600 0.0320338 0.128665 -0.0966317
83700 0.0321097 0.128821 -0.0967116
83800 0.0322193 0.128986 -0.0967668
83900 0.0322447 0.129091 -0.0968465
84000 0.0322633 0.129118 -0.0968545
84100 0.0322584 0.129098 -0.0968392
84200 0.0322451 0.129054 -0.0968091
84300 0.0322409 0.129037 -0.0967961
84400 0.0322621 0.129079 -0.0968169
84500 0.0323233 0.129175 -0.0968522
84600 0.03238 0.12932 -0.0969405
84700 0.0324687 0.129493 -0.0970244
84800 0.0325562 0.129682 -0.097126
84900 0.0326568 0.129907 -0.0972505
85000 0.0327466 0.130164 -0.0974177
85100 0.0328203 0.130356 -0.0975355
85200 0.0328053 0.130332 -0.0975271
85300 0.0326973 0.130062 -0.0973642
85400 0.0325628 0.129747 -0.0971844
85500 0.0324676 0.129535 -0.097067
85600 0.0324104 0.129428 -0.0970177
85700 0.0323767 0.129347 -0.0969707
85800 0.0323438 0.129285 -0.0969414
85900 0.0323292 0.129285 -0.0969562
86000 0.0322858 0.129214 -0.0969283
86100 0.0321758 0.128959 -0.0967834
86200 0.0320532 0.128679 -0.0966257
86300 0.0319641 0.128488 -0.0965236
86400 0.031905 0.128352 -0.096447
86500 0.0318267 0.128194 -0.0963676
86600 0.0317253 0.12797 -0.0962446
86700 0.0316181 0.127734 -0.0961162
86800 0.0315362 0.127563 -0.0960272
86900 0.0314877 0.127458 -0.0959705
87000 0.0314655 0.127413 -0.095947
87100 0.0314711 0.127426 -0.095955
87200 0.0314865 0.127472 -0.0959858
87300 0.0314943 0.127466 -0.095972
87400 0.0315197 0.127511 -0.0959909
87500 0.0315831 0.127648 -0.0960645
87600 0.0316837 0.127866 -0.0961823
87700 0.0317973 0.128125 -0.0963272
87800 0.0319001 0.128347 -0.0964472
87900 0.0319745 0.128499 -0.0965246
88000 0.0319725 0.12849 -0.0965174
88100 0.0319083 0.128335 -0.0964262
88200 0.0318397 0.128176 -0.096336
88300 0.031779 0.128051 -0.0962723
88400 0.0317201 0.127934 -0.096214
88500 0.0316949 0.127877 -0.0961822
88600 0.0317055 0.127898 -0.0961922
88700 0.0317295 0.127965 -0.0962351
88800 0.0317681 0.128051 -0.0962825
88900 0.0318108 0.128149 -0.0963386
89000 0.0318502 0.128238 -0.0963875
89100 0.031885 0.128221 -0.0963363
89200 0.0318311 0.128113 -0.0962821
89300 0.0317725 0.127996 -0.0962238
89400 0.0317174 0.127884 -0.0961667
89500 0.0316737 0.127798 -0.0961244
89600 0.0316397 0.127742 -0.0961022
89700 0.0316038 0.127693 -0.0960887
89800 0.0315398 0.127555 -0.0960147
89900 0.031443 0.127333 -0.0958897
90000 0.0313531 0.127131 -0.0957775
90100 0.0312804 0.126983 -0.0957024
90200 0.0312171 0.12683 -0.0956129
90300 0.0311926 0.126736 -0.095543
90400 0.0311976 0.126736 -0.0955381
90500 0.0312251 0.126802 -0.0955773
90600 0.0312574 0.126867 -0.0956093
90700 0.0312863 0.126919 -0.0956329
90800 0.0313144 0.126981 -0.0956663
90900 0.0313462 0.12704 -0.0956939
91000 0.0313804 0.127109 -0.0957287
91100 0.0314023 0.12716 -0.0957577
91200 0.0314401 0.127232 -0.0957924
91300 0.0315099 0.127377 -0.0958669
91400 0.0316138 0.127597 -0.0959827
91500 0.0317488 0.127885 -0.0961358
91600 0.0318981 0.128208 -0.0963101
91700 0.0320276 0.128501 -0.0964732
91800 0.0321367 0.128733 -0.0965958
91900 0.0322269 0.128917 -0.0966898
92000 0.0323098 0.129091 -0.0967813
92100 0.032389 0.129256 -0.0968666
92200 0.0324757 0.129439 -0.0969633
92300 0.0325709 0.129647 -0.0970757
92400 0.0326675 0.129857 -0.0971894
92500 0.0327698 0.130087 -0.0973174
92600 0.0328713 0.130319 -0.0974476
92700 0.0329484 0.1305 -0.0975519
92800 0.0329845 0.130605 -0.0976208
92900 0.0329331 0.130512 -0.0975792
93000 0.0327917 0.130176 -0.0973846
93100 0.032579 0.129708 -0.0971287
93200 0.0323812 0.129122 -0.0967411
93300 0.0321329 0.128571 -0.0964381
93400 0.0319636 0.128194 -0.0962299
93500 0.0318483 0.127958 -0.0961099
93600 0.0317677 0.127801 -0.0960337
93700 0.0317085 0.127644 -0.0959357
93800 0.0316095 0.127437 -0.0958274
93900 0.0315085 0.127229 -0.0957207
94000 0.0314064 0.127027 -0.0956206
94100 0.0312859 0.12678 -0.0954943
94200 0.0311286 0.126454 -0.0953256
94300 0.0309397 0.126053 -0.0951134
94400 0.0307399 0.125618 -0.0948777
94500 0.0305605 0.125229 -0.0946688
94600 0.0304279 0.124954 -0.0945262
94700 0.0303638 0.12481 -0.0944467
94800 0.0303571 0.124816 -0.094459
94900 0.0303904 0.124912 -0.0945221
95000 0.0304297 0.124973 -0.094543
95100 0.0304359 0.124984 -0.0945485
95200 0.030448 0.125012 -0.094564
95300 0.0304681 0.125057 -0.0945886
95400 0.0304774 0.125076 -0.0945982
95500 0.0304871 0.125079 -0.0945915
95600 0.0305133 0.125128 -0.0946147
95700 0.0305597 0.125219 -0.0946597
95800 0.0306241 0.125348 -0.0947239
95900 0.0307086 0.12553 -0.0948218
96000 0.0308093 0.125734 -0.0949251
96100 0.0309182 0.125957 -0.0950392
96200 0.0310297 0.126195 -0.0951657
96300 0.0311508 0.126466 -0.0953157
96400 0.0312752 0.126739 -0.0954635
96500 0.0313794 0.126961 -0.0955811
96600 0.0314619 0.127132 -0.0956704
96700 0.0315359 0.127298 -0.0957622
96800 0.031588 0.127415 -0.0958272
96900 0.0315954 0.127428 -0.0958327
97000 0.0315539 0.127325 -0.0957714
97100 0.0314885 0.127179 -0.0956907
97200 0.0314196 0.126958 -0.095538
97300 0.0312709 0.126636 -0.0953654
97400 0.0311183 0.126306 -0.0951875
97500 0.0309747 0.126 -0.0950254
97600 0.0308487 0.125732 -0.0948832
97700 0.0307499 0.125522 -0.0947724
97800 0.0306813 0.125383 -0.0947021
97900 0.0306367 0.1253 -0.0946633
98000 0.0306124 0.125245 -0.0946325
98100 0.0306234 0.125248 -0.0946247
98200 0.0306574 0.125329 -0.0946718
98300 0.03072 0.125472 -0.0947521
98400 0.0307983 0.12565 -0.094852
98500 0.0308857 0.125834 -0.0949488
98600 0.0309743 0.126018 -0.0950438
98700 0.0310585 0.126201 -0.0951425
98800 0.0311324 0.126353 -0.0952211
98900 0.0311983 0.126482 -0.0952836
99000 0.03125 0.126582 -0.0953317
99100 0.0313084 0.126694 -0.0953855
99200 0.0313991 0.12689 -0.0954912
99300 0.0315124 0.127147 -0.0956343
99400 0.0316139 0.127371 -0.0957575
99500 0.0316703 0.127485 -0.0958147
99600 0.0316858 0.127508 -0.0958218
99700 0.0316859 0.127496 -0.0958103
99800 0.0316828 0.127473 -0.0957906
99900 0.0317138 0.127516 -0.0958025
100000 0.0318129 0.127731 -0.0959177
