100 4.148e-05
100 6.731e-05
100 3.875e-05
200 6.968e-05
200 0.00026551
200 0.00029813
300 0.00027875
300 0.00031501
300 0.00025254
400 0.00023623
400 0.0002246
400 0.00027932
500 0.00025343
500 0.00020478
500 0.00020265
600 0.00039703
600 0.00024423
600 0.00034724
700 0.00051647
700 0.0002685
700 0.00022739
800 0.00037107
800 0.00034327
800 0.00030378
900 0.00056979
900 0.0004391
900 0.00026902
1000 0.00051376
1000 0.00030806
1000 0.00029715
1100 0.00067159
1100 0.00033682
1100 0.00035208
1200 0.00070601
1200 0.00044384
1200 0.00035909
1300 0.00049928
1300 0.00038089
1300 0.00037699
1400 0.00076885
1400 0.00043524
1400 0.00041805
1500 0.00069608
1500 0.00045959
1500 0.00044657
1600 0.00052031
1600 0.00047919
1600 0.00047428
1700 0.00077678
1700 0.00062921
1700 0.00051939
1800 0.00059361
1800 0.0005555
1800 0.00057045
1900 0.00129038
1900 0.00062572
1900 0.00057648
2000 0.00108391
2000 0.00060305
2000 0.00060265
3000 0.00132224
3000 0.00090869
3000 0.00087954
4000 0.00185397
4000 0.00172154
4000 0.00137844
5000 0.00236187
5000 0.00178844
5000 0.00171667
6000 0.00254506
6000 0.00244168
6000 0.00207278
7000 0.00318637
7000 0.00277076
20000 0.00931915
20000 0.00964242
2000 0.00088268
1000 0.00038672
1000 0.00040563
