100 0.00020884
200 0.00025392
300 0.00059711
400 0.00086528
500 0.00090554
600 0.00137029
700 0.00160603
800 0.00213569
900 0.00192406
1000 0.00268008
1100 0.00292724
1200 0.00309855
1300 0.00364141
1400 0.00421987
1500 0.00469699
1600 0.00501499
1700 0.00474445
1800 0.00569785
1900 0.00601645
2000 0.00681123
3000 0.0106003
4000 0.0142374
5000 0.0167533
6000 0.0199289
7000 0.0216832
8000 0.0244514
9000 0.0269254
10000 0.0285687
11000 0.0336098
12000 0.0347993
13000 0.0380732
14000 0.040136
15000 0.0435042
16000 0.0446434
17000 0.049238
18000 0.054285
19000 0.0575014
20000 0.059859
22000 0.0651036
24000 0.076331
26000 0.08463
28000 0.0986762
30000 0.0975395
32000 0.108156
34000 0.139848
36000 0.145444
38000 0.138629
40000 0.14257
