0.010277
0.000454
0.000724
0.000516
0.000513
0.000834
0.000538
0.000551
0.000631
0.00063
0.000642
0.000689
0.000675
0.000524
0.000726
0.000768
0.01394
0.00294
0.001265
0.000676
0.00315
0.000701
0.000719
0.00409
0.000707
0.000655
0.000723
0.000636
0.000515
0.000735
0.00191
0.000695
0.000675
0.000696
0.000615
0.000627
0.000573
0.000531
0.000639
0.000624
0.000797
0.000646
0.000654
0.000638
0.000627
0.002646
0.000494
0.000639
0.00254
0.000614
0.000603
0.000607
0.000528
0.000632
0.000615
0.000581
0.002381
0.001454
0.000418
0.000654
0.000567
0.000577
0.002413
0.000605
0.000551
0.000621
0.000593
0.000562
0.000626
0.000549
0.000551
0.002142
0.000577
0.000527
0.002207
0.002837
0.000529
0.00056
0.000513
0.000534
0.000542
0.000527
0.001995
0.000566
0.000523
0.000542
0.000496
0.002426
0.000525
0.000538
0.000513
0.000493
0.000521
0.000489
0.000479
0.000532
0.000521
0.00047
0.000461
0.000528
0.000482
0.000472
0.000478
0.000513
0.000452
0.000482
0.002874
0.000468
0.000476
0.000429
0.000483
